"date" "lati_aod" "long_aod" "value_aod" "lati_pm" "long_pm" "value_pm" "winspeed" "windirection" "hum" "airtemp"
"1" 2006-01-03 33.7 -118.2 0.172695115208626 33.79236 -118.17533 9.7 3.51164293874189 96.5846747915503 78.1543731689453 287.986145019531
"2" 2006-01-05 33.7 -118.2 0.00150038301944733 33.79236 -118.17533 10.5 2.64155145950463 190.585809730795 73.9424667358398 289.729888916016
"3" 2006-01-06 33.7 -118.2 -0.0774071589112282 33.79236 -118.17533 12.9 3.10443699223048 204.202411924165 44.3303604125977 292.720825195312
"4" 2006-01-07 33.7 -118.2 0.151094272732735 33.79236 -118.17533 20.2 1.80484746987709 130.001018056341 65.1776123046875 289.896148681641
"5" 2006-01-12 33.7 -118.2 0.0805691331624985 33.79236 -118.17533 20.7 0.199358712471012 108.345661801685 91.9581756591797 287.058715820312
"6" 2006-01-13 33.7 -118.2 0.172695115208626 33.79236 -118.17533 21.3 2.67394700824011 290.243777443546 92.2366714477539 286.456665039062
"7" 2006-01-15 33.7 -118.2 -0.0257021561264992 33.79236 -118.17533 3.4 6.88312826222497 108.873768095869 78.2507934570312 286.701904296875
"8" 2006-01-20 33.7 -118.2 0.0527621060609818 33.79236 -118.17533 12 4.2420966928358 143.743606788076 69.666374206543 287.319671630859
"9" 2006-01-22 33.7 -118.2 0.109827026724815 33.79236 -118.17533 17.4 3.00474603811839 134.433428786466 85.227294921875 286.923522949219
"10" 2006-01-23 33.7 -118.2 0.109827026724815 33.79236 -118.17533 6.8 4.59941669112118 179.695840282197 63.4911766052246 287.810333251953
"11" 2006-01-25 33.7 -118.2 0.0350300520658493 33.79236 -118.17533 11.6 1.85040435027292 327.360579662331 88.0987167358398 286.718872070312
"12" 2006-02-01 33.7 -118.2 0.151094272732735 33.79236 -118.17533 15.7 2.3319166636388 119.039483389039 91.3055725097656 285.811645507812
"13" 2006-02-10 33.7 -118.2 0.151094272732735 33.79236 -118.17533 21.2 1.31961939090096 292.659054996771 93.8733215332031 286.397521972656
"14" 2006-02-11 33.7 -118.2 0.206305339932442 33.79236 -118.17533 53.6 1.02819737223551 109.277376786377 92.3403701782227 285.247314453125
"15" 2006-02-12 33.7 -118.2 0.071138933300972 33.79236 -118.17533 14.5 2.29843576052446 148.275273433893 76.8893737792969 287.438171386719
"16" 2006-02-13 33.7 -118.2 0.0264058411121368 33.79236 -118.17533 21.9 1.8293597062792 115.940612598375 56.0695419311523 289.980255126953
"17" 2006-02-20 33.7 -118.2 0.0858484655618668 33.79236 -118.17533 12.8 4.37689247683336 121.710551223485 66.6828842163086 284.938415527344
"18" 2006-02-21 33.7 -118.2 0.109827026724815 33.79236 -118.17533 13.8 4.65235882414093 121.117959242567 74.6801910400391 285.376251220703
"19" 2006-02-22 33.7 -118.2 0.0264058411121368 33.79236 -118.17533 17.2 5.58949597181992 129.062791734659 67.7052612304688 286.574859619141
"20" 2006-02-23 33.7 -118.2 -0.051977813243866 33.79236 -118.17533 23 2.89172402730906 113.634620160305 80.6097030639648 286.631774902344
"21" 2006-02-24 33.7 -118.2 0.130138233304024 33.79236 -118.17533 24.1 3.55111276323667 103.578662240798 89.6962585449219 285.733093261719
"22" 2006-03-02 33.7 -118.2 0.130138233304024 33.79236 -118.17533 6.5 5.26612040634977 104.02624878869 87.7790451049805 286.678894042969
"23" 2006-03-04 33.7 -118.2 0.00150038301944733 33.79236 -118.17533 9.8 3.59761539258308 121.037114466245 69.1954040527344 286.009613037109
"24" 2006-03-08 33.7 -118.2 -0.0896583795547485 33.79236 -118.17533 6.7 8.4391178732409 115.438224212629 81.453727722168 286.2470703125
"25" 2006-03-13 33.7 -118.2 0.109907612204552 33.79236 -118.17533 11.4 3.99205741046805 108.278552827333 64.6922378540039 285.172912597656
"26" 2006-03-15 33.7 -118.2 -0.0710397511720657 33.79236 -118.17533 7 6.96696847541252 114.023145807017 81.2008438110352 285.879516601562
"27" 2006-03-21 33.7 -118.2 0.0805691331624985 33.79236 -118.17533 5.2 5.22165233424719 93.8567318201636 75.4732513427734 284.677734375
"28" 2006-03-22 33.7 -118.2 0.153995916247368 33.79236 -118.17533 10.4 2.80591376646613 117.429767935753 78.8882751464844 285.488677978516
"29" 2006-03-23 33.7 -118.2 0.109827026724815 33.79236 -118.17533 5.7 2.91570162235724 119.067990351071 89.1248321533203 285.756896972656
"30" 2006-03-30 33.7 -118.2 0.00964100658893585 33.79236 -118.17533 6 1.27158404198062 104.146318415654 80.359130859375 286.013916015625
"31" 2006-04-08 33.7 -118.2 0.0179428309202194 33.79236 -118.17533 6.8 0.720183141517981 30.566860196737 91.4566955566406 285.920867919922
"32" 2006-04-09 33.7 -118.2 0.229518249630928 33.79236 -118.17533 6 2.85336356796803 93.6579245965647 92.1035614013672 286.167175292969
"33" 2006-04-12 33.7 -118.2 0.0901605635881424 33.79236 -118.17533 7.4 3.336688925841 302.407353569091 93.4316558837891 287.629180908203
"34" 2006-04-13 33.7 -118.2 0.151819661259651 33.79236 -118.17533 8.7 1.9021219231693 308.165768710856 93.8978958129883 287.703399658203
"35" 2006-04-23 33.7 -118.2 0.206305339932442 33.79236 -118.17533 4.7 1.75173035426805 67.4310221276542 81.5824737548828 286.676635742188
"36" 2006-04-30 33.7 -118.2 0.315841019153595 33.79236 -118.17533 23.1 2.17224028355628 106.336278197563 91.6483917236328 287.0322265625
"37" 2006-05-10 33.7 -118.2 0.410062551498413 33.79236 -118.17533 27.3 0.455037970221997 46.9775411701238 92.6848907470703 287.732086181641
"38" 2006-05-13 33.7 -118.2 0.0901605635881424 33.79236 -118.17533 16.8 0.568589069369495 128.40034580201 93.9450607299805 288.251007080078
"39" 2006-05-30 33.7 -118.2 0.151094272732735 33.79236 -118.17533 10.9 2.15942489040179 104.172613138972 91.0083541870117 288.220764160156
"40" 2006-05-31 33.7 -118.2 0.241245567798615 33.79236 -118.17533 11.9 1.04471466708182 87.5978781901612 91.9088668823242 287.468322753906
"41" 2006-06-01 33.7 -118.2 0.130138233304024 33.79236 -118.17533 16.1 0.774624182872738 326.79315543478 91.4649124145508 288.100250244141
"42" 2006-06-09 33.7 -118.2 0.217831268906593 33.79236 -118.17533 7.3 3.08312493981883 109.710148353277 91.1971054077148 289.419403076172
"43" 2006-06-11 33.7 -118.2 0.130138233304024 33.79236 -118.17533 8.7 2.22297604491029 96.2709504489034 90.1175765991211 289.042022705078
"44" 2006-06-13 33.7 -118.2 0.0901605635881424 33.79236 -118.17533 8.2 3.70533715797687 100.937552160251 89.7428665161133 289.593841552734
"45" 2006-06-18 33.7 -118.2 0.172695115208626 33.79236 -118.17533 14.4 1.18350479407299 308.84903793271 94.0037536621094 290.707489013672
"46" 2006-06-19 33.7 -118.2 0.140535667538643 33.79236 -118.17533 16.2 1.07919573135494 122.866672910421 93.5389556884766 290.760192871094
"47" 2006-06-20 33.7 -118.2 0.0803676396608353 33.79236 -118.17533 19.6 2.41977992147981 112.59226384829 92.2688751220703 290.133514404297
"48" 2006-06-21 33.7 -118.2 0.0901605635881424 33.79236 -118.17533 16.8 0.795293583851755 43.0861227303338 90.8723831176758 289.407745361328
"49" 2006-07-10 33.7 -118.2 0.0901605635881424 33.79236 -118.17533 15.1 1.27367975540677 276.045894485809 92.9290161132812 291.501312255859
"50" 2006-07-13 33.7 -118.2 0.241366490721703 33.79236 -118.17533 9.3 2.57585780184207 101.512499860183 91.1069869995117 291.106689453125
"51" 2006-07-18 33.7 -118.2 0.217831268906593 33.79236 -118.17533 14.6 0.42247354134344 60.100952367912 93.3155517578125 292.459503173828
"52" 2006-07-19 33.7 -118.2 0.161814108490944 33.79236 -118.17533 11.8 0.814458723115967 44.1869194075733 93.6244583129883 292.595672607422
"53" 2006-07-20 33.7 -118.2 0.172695115208626 33.79236 -118.17533 12.6 1.13033439815675 96.463552377634 93.1355743408203 292.531494140625
"54" 2006-07-28 33.7 -118.2 0.265546500682831 33.79236 -118.17533 10.9 0.855158776971266 295.923214193744 94.966796875 294.353729248047
"55" 2006-07-29 33.7 -118.2 0.410062551498413 33.79236 -118.17533 7 1.03629189786691 102.878406665257 93.9555435180664 294.258758544922
"56" 2006-07-30 33.7 -118.2 0.172695115208626 33.79236 -118.17533 8.2 3.11602382877499 99.8221502884456 92.4422988891602 294.141876220703
"57" 2006-08-06 33.7 -118.2 0.130138233304024 33.79236 -118.17533 7.9 2.84188443510503 96.0250283998384 90.1498184204102 293.247497558594
"58" 2006-08-07 33.7 -118.2 0.0901605635881424 33.79236 -118.17533 10.2 4.37035986737468 105.62961336655 90.5564880371094 293.140716552734
"59" 2006-08-08 33.7 -118.2 0.0805691331624985 33.79236 -118.17533 12.5 4.06257032956549 110.598781185804 89.2837600708008 293.203491210938
"60" 2006-08-09 33.7 -118.2 0.0901605635881424 33.79236 -118.17533 14.9 1.88042817112314 105.400250102041 88.2098007202148 293.302825927734
"61" 2006-08-17 33.7 -118.2 0.130218848586082 33.79236 -118.17533 14.1 1.29085696255035 76.9344298802625 88.8224792480469 292.323608398438
"62" 2006-08-18 33.7 -118.2 0.0618699043989182 33.79236 -118.17533 15.3 1.40616702673001 76.4996607207813 89.4132385253906 292.290374755859
"63" 2006-08-19 33.7 -118.2 0.0264058411121368 33.79236 -118.17533 14.8 2.78958745719106 96.0008197583595 89.7453231811523 292.331451416016
"64" 2006-08-26 33.7 -118.2 0.0999131947755814 33.79236 -118.17533 16.6 2.65059139282023 120.797133756857 91.073860168457 291.726409912109
"65" 2006-08-27 33.7 -118.2 0.0901605635881424 33.79236 -118.17533 9.5 4.17250337754766 111.952108231181 89.1291275024414 291.498382568359
"66" 2006-08-28 33.7 -118.2 0.0901605635881424 33.79236 -118.17533 15.8 3.73579496245018 114.480003056502 90.8374557495117 291.608215332031
"67" 2006-08-29 33.7 -118.2 0.0264058411121368 33.79236 -118.17533 19.8 1.57245027675099 103.489509201436 90.5851516723633 292.188598632812
"68" 2006-09-03 33.7 -118.2 0.0618699043989182 33.79236 -118.17533 14.8 3.90732590842903 116.572793958165 91.1423187255859 291.735778808594
"69" 2006-09-05 33.7 -118.2 0.130138233304024 33.79236 -118.17533 16.7 3.16262928590589 118.576564648697 91.2161254882812 291.931060791016
"70" 2006-09-06 33.7 -118.2 0.130138233304024 33.79236 -118.17533 14.2 1.36478292387019 96.82757945255 91.8721923828125 292.003692626953
"71" 2006-09-07 33.7 -118.2 0.315841019153595 33.79236 -118.17533 13.2 0.131048222797082 35.6079285385512 92.5397872924805 292.107543945312
"72" 2006-09-08 33.7 -118.2 0.172695115208626 33.79236 -118.17533 14.1 1.07702396409805 285.531920250171 93.0607070922852 291.856140136719
"73" 2006-09-12 33.7 -118.2 0.438433945178986 33.79236 -118.17533 18.8 2.88850882560042 101.626944673645 91.6112594604492 291.196258544922
"74" 2006-09-15 33.7 -118.2 0.151094272732735 33.79236 -118.17533 9.8 2.07127790483077 101.928335536447 91.2167053222656 291.535400390625
"75" 2006-09-16 33.7 -118.2 0.274130403995514 33.79236 -118.17533 11.6 2.93617474706403 119.658658166122 89.3340301513672 290.657531738281
"76" 2006-09-17 33.7 -118.2 0.093062162399292 33.79236 -118.17533 15.7 0.580843644024326 113.14169938169 89.3840713500977 290.658721923828
"77" 2006-09-18 33.7 -118.2 -0.0439580827951431 33.79236 -118.17533 17.5 0.298363981512197 301.894004132257 89.6123199462891 290.285461425781
"78" 2006-09-21 33.7 -118.2 0.229518249630928 33.79236 -118.17533 12.1 0.755433769211195 240.299139087545 87.134880065918 291.039459228516
"79" 2006-09-24 33.7 -118.2 0.0999131947755814 33.79236 -118.17533 10.6 1.03744611049554 250.288024783655 93.5495910644531 290.395965576172
"80" 2006-09-25 33.7 -118.2 0.156937763094902 33.79236 -118.17533 13.8 3.29892423251156 105.216003032451 92.2934265136719 291.313903808594
"81" 2006-09-26 33.7 -118.2 0.109827026724815 33.79236 -118.17533 17.4 1.55486855980692 114.386457930874 91.5887603759766 291.597900390625
"82" 2006-09-27 33.7 -118.2 0.109827026724815 33.79236 -118.17533 16.4 3.12294797038491 109.922157729782 91.7144546508789 291.362762451172
"83" 2006-10-04 33.7 -118.2 0.0264058411121368 33.79236 -118.17533 9.8 2.78872678488295 109.930574369167 90.8907623291016 290.991027832031
"84" 2006-10-05 33.7 -118.2 0.0618699043989182 33.79236 -118.17533 6.3 3.46276012741446 111.170630277154 89.9996948242188 290.324432373047
"85" 2006-10-06 33.7 -118.2 0.119902029633522 33.79236 -118.17533 6.2 5.55549692864859 102.660602155388 88.4343414306641 290.507049560547
"86" 2006-10-07 33.7 -118.2 0.0999131947755814 33.79236 -118.17533 10.2 3.51942798556014 102.683843034916 91.5134582519531 290.343780517578
"87" 2006-10-08 33.7 -118.2 0.00150038301944733 33.79236 -118.17533 15.9 2.68700916038513 100.376527794766 92.1551895141602 290.080047607422
"88" 2006-10-12 33.7 -118.2 -0.00647903978824615 33.79236 -118.17533 9.1 1.59358963370838 299.152112670004 91.9969940185547 290.484832763672
"89" 2006-10-21 33.7 -118.2 0.0618699043989182 33.79236 -118.17533 30.3 1.40483264784895 103.271760099748 92.8719711303711 289.947570800781
"90" 2006-10-25 33.7 -118.2 0.297182083129883 33.79236 -118.17533 32.2 0.771927321882886 129.200184585703 91.7212295532227 290.515258789062
"91" 2006-10-26 33.7 -118.2 0.186638951301575 33.79236 -118.17533 20.9 0.740292229258481 196.280900550503 89.9608383178711 289.871826171875
"92" 2006-11-04 33.7 -118.2 0.0999131947755814 33.79236 -118.17533 17.5 4.01513936709053 115.842378721985 93.4891128540039 290.287994384766
"93" 2006-11-06 33.7 -118.2 -0.0294500589370728 33.79236 -118.17533 16.5 1.99650598139656 131.491183339919 62.3289909362793 293.33544921875
"94" 2006-11-07 33.7 -118.2 -0.0645111352205276 33.79236 -118.17533 15.8 2.98079459289684 129.648521535289 55.2978897094727 294.472045898438
"95" 2006-11-14 33.7 -118.2 0.109827026724815 33.79236 -118.17533 16.6 5.23813096270383 100.597482520274 90.0817413330078 290.340087890625
"96" 2006-11-15 33.7 -118.2 0.00964100658893585 33.79236 -118.17533 12.1 3.44037153650032 124.856108708491 92.9510650634766 289.303070068359
"97" 2006-11-16 33.7 -118.2 -0.0387593954801559 33.79236 -118.17533 16.4 4.03769068869078 111.722879600875 91.1263885498047 290.441589355469
"98" 2006-11-20 33.7 -118.2 -0.0367846786975861 33.79236 -118.17533 24.6 1.24952725579962 123.347361076496 92.8368835449219 290.018310546875
"99" 2006-11-24 33.7 -118.2 0.265546500682831 33.79236 -118.17533 35.2 1.75181142123558 124.505783725728 89.8807983398438 289.962738037109
"100" 2006-11-25 33.7 -118.2 0.161814108490944 33.79236 -118.17533 15.8 3.49460888942494 110.139434346698 83.2155609130859 289.061706542969
"101" 2006-11-26 33.7 -118.2 0.00150038301944733 33.79236 -118.17533 12.5 3.25682155140715 113.445089928925 82.265625 288.90576171875
"102" 2006-11-29 33.7 -118.2 0.0527621060609818 33.79236 -118.17533 7.9 3.83611107259602 150.391426027681 61.2724380493164 287.571258544922
"103" 2006-12-03 33.7 -118.2 0.0231415331363678 33.79236 -118.17533 7 4.09010676186335 221.272472942087 69.0010299682617 290.3046875
"104" 2006-12-05 33.7 -118.2 0.00964100658893585 33.79236 -118.17533 14.5 0.907001320348199 165.382012814288 71.2932586669922 289.998016357422
"105" 2006-12-06 33.7 -118.2 0.0350300520658493 33.79236 -118.17533 30.2 0.145735136945276 289.540383238335 83.7584838867188 288.426391601562
"106" 2006-12-14 33.7 -118.2 0.0805691331624985 33.79236 -118.17533 25.1 3.28374013052524 119.43840246394 90.5010528564453 288.702178955078
"107" 2006-12-22 33.7 -118.2 0.0618699043989182 33.79236 -118.17533 16.1 7.16825026890081 117.036885255702 83.8480072021484 287.130828857422
"108" 2006-12-23 33.7 -118.2 0.0618699043989182 33.79236 -118.17533 18.3 5.36743157193055 132.044947071015 79.6446838378906 288.419281005859
"109" 2006-12-24 33.7 -118.2 0.0264058411121368 33.79236 -118.17533 31.5 1.51250910781324 106.156947530913 84.3871536254883 288.38818359375
"110" 2006-12-25 33.7 -118.2 0.00964100658893585 33.79236 -118.17533 27.2 1.55192806595502 138.037248151537 80.0557708740234 288.803649902344
"111" 2007-01-03 33.7 -118.2 0.0350300520658493 33.79236 -118.17533 13.2 2.93411662449373 108.997608975523 86.9602737426758 288.419494628906
"112" 2007-01-12 33.7 -118.2 0.0527621060609818 33.79236 -118.17533 5.5 8.14610342269427 112.550435139352 69.0354461669922 285.054016113281
"113" 2007-01-21 33.7 -118.2 0.119902029633522 33.79236 -118.17533 16.3 1.10456712129064 157.585226900933 89.5827178955078 284.585418701172
"114" 2007-01-24 33.7 -118.2 -0.0955421850085258 33.79236 -118.17533 28.9 2.46739405969886 127.193906603343 86.4623794555664 286.643218994141
"115" 2007-01-25 33.7 -118.2 0.0527621060609818 33.79236 -118.17533 28.3 3.03528797479127 128.805617349141 86.5338897705078 286.9658203125
"116" 2007-02-11 33.7 -118.2 0.043815478682518 33.79236 -118.17533 4.4 3.17519797723963 72.2810090270204 93.6977081298828 287.495880126953
"117" 2007-02-19 33.7 -118.2 0.130138233304024 33.79236 -118.17533 5.7 1.72590249088771 116.289913474731 86.1922760009766 287.122650146484
"118" 2007-02-20 33.7 -118.2 0.119902029633522 33.79236 -118.17533 9.7 2.4993261517036 112.421050259954 88.5698547363281 287.241943359375
"119" 2007-02-21 33.7 -118.2 0.0264058411121368 33.79236 -118.17533 11.1 2.54284577791717 108.951685892569 91.3312072753906 286.235504150391
"120" 2007-02-22 33.7 -118.2 0.0901605635881424 33.79236 -118.17533 3.8 3.07601546369219 41.285850979921 88.1453247070312 286.459655761719
"121" 2007-03-11 33.7 -118.2 0.368714690208435 33.79236 -118.17533 15.5 0.21771276150973 343.717543221327 93.3178634643555 285.890563964844
"122" 2007-03-12 33.7 -118.2 0.0264058411121368 33.79236 -118.17533 17.6 1.41618254106156 89.5837461097104 89.3531188964844 287.333068847656
"123" 2007-03-13 33.7 -118.2 -0.0219542533159256 33.79236 -118.17533 13.6 0.956122301920362 68.2641123624187 91.8779220581055 287.255493164062
"124" 2007-03-14 33.7 -118.2 -0.0439580827951431 33.79236 -118.17533 15.2 1.16917510951955 280.221855045172 94.1074600219727 286.262573242188
"125" 2007-03-21 33.7 -118.2 0.18373729288578 33.79236 -118.17533 5.3 4.97431838925364 106.711391577234 84.8879318237305 287.000122070312
"126" 2007-03-22 33.7 -118.2 0.119902029633522 33.79236 -118.17533 7.6 1.60788845200047 142.870658598671 84.4670257568359 286.821868896484
"127" 2007-03-23 33.7 -118.2 -0.0294500589370728 33.79236 -118.17533 7.6 0.941588705738392 317.102600935553 92.2271957397461 287.127502441406
"128" 2007-03-30 33.7 -118.2 0.0999131947755814 33.79236 -118.17533 10.7 1.95568677626308 101.904245048901 90.1377639770508 286.489990234375
"129" 2007-03-31 33.7 -118.2 0.140535667538643 33.79236 -118.17533 20 2.70092930509621 111.567366660299 92.4911193847656 285.498657226562
"130" 2007-04-01 33.7 -118.2 0.140535667538643 33.79236 -118.17533 22.2 1.49746753682795 107.475407767962 91.4999618530273 286.030853271484
"131" 2007-04-10 33.7 -118.2 0.229518249630928 33.79236 -118.17533 9.2 3.0371937178377 101.254522621245 91.7912368774414 286.903778076172
"132" 2007-04-18 33.7 -118.2 0.140535667538643 33.79236 -118.17533 6.4 7.48943386854221 116.136157318982 84.3284454345703 285.940673828125
"133" 2007-04-21 33.7 -118.2 0.0805691331624985 33.79236 -118.17533 5.9 1.54350281572381 119.537683980529 78.2368774414062 285.314331054688
"134" 2007-05-01 33.7 -118.2 0.27787834405899 33.79236 -118.17533 11.7 1.10432658398306 80.6252383940441 92.7890701293945 286.804382324219
"135" 2007-05-08 33.7 -118.2 0.161814108490944 33.79236 -118.17533 11.5 3.50300615562624 105.503089748743 79.9024047851562 288.994110107422
"136" 2007-05-09 33.7 -118.2 0.194940730929375 33.79236 -118.17533 13.3 2.35292909714393 100.511356669395 92.1495056152344 287.907867431641
"137" 2007-05-10 33.7 -118.2 0.071138933300972 33.79236 -118.17533 13.7 4.33532998859463 107.192522295028 92.7925338745117 286.891845703125
"138" 2007-05-27 33.7 -118.2 0.185026958584785 33.79236 -118.17533 12.3 1.36012308996291 112.0665760265 90.6263275146484 287.122680664062
"139" 2007-05-29 33.7 -118.2 0.119902029633522 33.79236 -118.17533 8.5 1.71507724925192 106.429510773208 89.7314224243164 286.936126708984
"140" 2007-05-30 33.7 -118.2 0.140535667538643 33.79236 -118.17533 12.5 2.30853124009177 95.4268433235547 89.3632965087891 287.180847167969
"141" 2007-05-31 33.7 -118.2 0.0901605635881424 33.79236 -118.17533 14.9 3.71220238058973 108.41803910047 89.8538208007812 287.366333007812
"142" 2007-06-08 33.7 -118.2 0.142550647258759 33.79236 -118.17533 9.7 1.08658371156884 90.5947476634489 90.9097900390625 287.736907958984
"143" 2007-06-16 33.7 -118.2 0.217831268906593 33.79236 -118.17533 12.9 0.684922512219558 299.145895191596 93.3181915283203 288.767913818359
"144" 2007-06-17 33.7 -118.2 0.121191620826721 33.79236 -118.17533 14.1 2.82327011494439 109.865102391127 92.15625 288.727081298828
"145" 2007-06-18 33.7 -118.2 0.0618699043989182 33.79236 -118.17533 11.5 1.30030069610347 105.271164075507 90.7544555664062 288.716430664062
"146" 2007-06-21 33.7 -118.2 0.0527621060609818 33.79236 -118.17533 11.7 4.05065221806118 108.310169038906 90.2293395996094 289.008209228516
"147" 2007-06-25 33.7 -118.2 0.141825243830681 33.79236 -118.17533 13.2 1.08320717312322 122.897588193484 91.7622528076172 289.140533447266
"148" 2007-06-29 33.7 -118.2 0.0901605635881424 33.79236 -118.17533 12.6 1.56934583665166 91.582850036191 92.3269271850586 289.247619628906
"149" 2007-07-03 33.7 -118.2 0.0527621060609818 33.79236 -118.17533 11.5 0.150484056962023 48.6262674888793 93.1846466064453 290.209136962891
"150" 2007-07-08 33.7 -118.2 0.0805691331624985 33.79236 -118.17533 10.9 1.78277413012119 109.09077039745 92.1840667724609 290.099395751953
"151" 2007-07-12 33.7 -118.2 0.0618699043989182 33.79236 -118.17533 6.9 4.01929049607486 102.440431548416 91.777702331543 290.68115234375
"152" 2007-07-16 33.7 -118.2 0.140535667538643 33.79236 -118.17533 14.2 1.13106520952092 99.0305100843057 92.4994735717773 291.409301757812
"153" 2007-07-20 33.7 -118.2 0.0350300520658493 33.79236 -118.17533 10.3 1.63615443029787 84.9438184269231 92.5587921142578 290.887359619141
"154" 2007-07-25 33.7 -118.2 0.0618699043989182 33.79236 -118.17533 15.5 0.756190827493989 124.168060670521 92.8802261352539 291.130310058594
"155" 2007-07-29 33.7 -118.2 0.0805691331624985 33.79236 -118.17533 11.6 0.914644291498951 97.6729001297103 91.0254135131836 290.971923828125
"156" 2007-08-02 33.7 -118.2 0.194940730929375 33.79236 -118.17533 16.9 1.53031711190747 107.576495981369 91.4260711669922 291.955444335938
"157" 2007-08-06 33.7 -118.2 0.0805691331624985 33.79236 -118.17533 9.3 2.37972711129553 102.579611523674 92.1067428588867 292.348236083984
"158" 2007-08-19 33.7 -118.2 0.0618699043989182 33.79236 -118.17533 15.5 1.54751110634238 132.471660721022 94.0227355957031 292.037841796875
"159" 2007-08-24 33.7 -118.2 0.217831268906593 33.79236 -118.17533 15.8 0.857866696265009 127.498591051552 92.4080429077148 291.911407470703
"160" 2007-09-01 33.7 -118.2 0.161814108490944 33.79236 -118.17533 12.7 1.52959939918942 116.376027188856 92.5990371704102 292.657104492188
"161" 2007-09-02 33.7 -118.2 0.172695115208626 33.79236 -118.17533 14.3 0.546654256789926 222.497471606981 94.5816116333008 292.895629882812
"162" 2007-09-03 33.7 -118.2 0.130138233304024 33.79236 -118.17533 17.2 1.62883357261729 124.276792367576 93.6412506103516 292.879180908203
"163" 2007-09-04 33.7 -118.2 -0.0439580827951431 33.79236 -118.17533 12.2 2.24237951187655 124.154061804562 93.8845748901367 292.471374511719
"164" 2007-09-12 33.7 -118.2 0.0901605635881424 33.79236 -118.17533 12.3 5.00516014039902 105.925340338992 91.6151275634766 291.318145751953
"165" 2007-09-13 33.7 -118.2 0.0618699043989182 33.79236 -118.17533 11.1 4.51543406515451 105.597373460999 91.6333312988281 291.382995605469
"166" 2007-09-14 33.7 -118.2 -0.0294500589370728 33.79236 -118.17533 10.3 4.11478389909642 98.0269396264465 92.1545944213867 291.154174804688
"167" 2007-09-22 33.7 -118.2 0.140535667538643 33.79236 -118.17533 3 4.47785130134473 310.055616355727 85.890495300293 291.240386962891
"168" 2007-09-23 33.7 -118.2 0.0264058411121368 33.79236 -118.17533 5.9 1.79481547153202 294.528680139939 86.0582809448242 290.804809570312
"169" 2007-09-24 33.7 -118.2 -0.0142972469329834 33.79236 -118.17533 8.5 2.24797089306324 99.7081419791425 92.2192077636719 289.865386962891
"170" 2007-10-01 33.7 -118.2 0.119902029633522 33.79236 -118.17533 11 0.369120462081558 262.842982694737 92.3408813476562 291.179260253906
"171" 2007-10-02 33.7 -118.2 0.0805691331624985 33.79236 -118.17533 15.2 0.366362226291628 161.040755277497 92.6093597412109 291.197265625
"172" 2007-10-03 33.7 -118.2 -0.0509703159332275 33.79236 -118.17533 18.7 0.61383869532966 141.209222062111 90.0706024169922 290.509582519531
"173" 2007-10-04 33.7 -118.2 0.172695115208626 33.79236 -118.17533 9.5 0.342625491013697 160.75620829714 88.8653945922852 291.207458496094
"174" 2007-10-10 33.7 -118.2 0.0805691331624985 33.79236 -118.17533 7 2.04188489614788 89.5183619107846 87.3740539550781 289.553985595703
"175" 2007-10-11 33.7 -118.2 0.140535667538643 33.79236 -118.17533 8.2 3.12707485146189 109.636479144953 90.4124450683594 289.6279296875
"176" 2007-10-12 33.7 -118.2 0.071138933300972 33.79236 -118.17533 6.8 2.79261959281614 89.8838537671647 91.2763824462891 289.690216064453
"177" 2007-10-13 33.7 -118.2 0.0999131947755814 33.79236 -118.17533 6.2 0.7483115837494 76.0956718294791 85.7942428588867 289.323028564453
"178" 2007-10-14 33.7 -118.2 -0.00647903978824615 33.79236 -118.17533 12.1 1.8691940288059 110.408146766717 90.740966796875 289.763031005859
"179" 2007-10-20 33.7 -118.2 0.130138233304024 33.79236 -118.17533 10.8 5.8773826750595 110.3099265273 93.1033477783203 289.995391845703
"180" 2007-10-21 33.7 -118.2 0.18373729288578 33.79236 -118.17533 18.3 4.08833137828538 143.115404652745 86.9379577636719 290.180847167969
"181" 2007-10-23 33.7 -118.2 1.0796080827713 33.79236 -118.17533 29.7 2.41203003343706 183.772653553267 49.6054992675781 293.341186523438
"182" 2007-10-30 33.7 -118.2 0.109827026724815 33.79236 -118.17533 10.1 5.81976857080446 106.106408191024 93.3996810913086 289.285827636719
"183" 2007-10-31 33.7 -118.2 0.119902029633522 33.79236 -118.17533 15.2 2.19915154937869 117.177515943091 90.698974609375 288.507965087891
"184" 2007-11-02 33.7 -118.2 0.241366490721703 33.79236 -118.17533 42.9 2.59302588674868 111.953152884245 92.9140167236328 286.737670898438
"185" 2007-11-10 33.7 -118.2 0.0999131947755814 33.79236 -118.17533 9.3 4.88703031796221 99.5595700333132 91.7462615966797 288.598999023438
"186" 2007-11-12 33.7 -118.2 -0.101264819502831 33.79236 -118.17533 26.2 2.34884862899424 126.954221211091 93.0497131347656 288.618408203125
"187" 2007-11-19 33.7 -118.2 0.265546500682831 33.79236 -118.17533 67.9 1.26272112973784 108.652378840352 93.2354125976562 287.217315673828
"188" 2007-11-21 33.7 -118.2 0.0350300520658493 33.79236 -118.17533 28.5 0.408957227110837 214.554228856927 89.8349685668945 288.237762451172
"189" 2007-12-01 33.7 -118.2 -0.0294500589370728 33.79236 -118.17533 6.2 6.38515091013374 102.563595215273 84.603141784668 287.722290039062
"190" 2007-12-08 33.7 -118.2 0.109827026724815 33.79236 -118.17533 6.4 8.01948894324854 110.386784164646 79.9410705566406 287.030914306641
"191" 2007-12-09 33.7 -118.2 0.0805691331624985 33.79236 -118.17533 8.3 2.22708173739826 164.907402475496 70.3309173583984 286.474426269531
"192" 2007-12-10 33.7 -118.2 -0.0367846786975861 33.79236 -118.17533 12.5 3.82175778622106 147.108856399518 60.5146026611328 287.570068359375
"193" 2007-12-11 33.7 -118.2 -0.0142972469329834 33.79236 -118.17533 6.3 1.47955453401305 209.947056609128 77.1179428100586 286.807830810547
"194" 2007-12-30 33.7 -118.2 0.229518249630928 33.79236 -118.17533 32.8 3.06080141870986 117.445265054786 90.4804153442383 285.637481689453
"195" 2008-01-15 33.7 -118.2 0.0266879424452782 33.79236 -118.17533 16.6 3.07867567900879 115.692371962231 62.4969787597656 288.420227050781
"196" 2008-01-16 33.7 -118.2 0.119902029633522 33.79236 -118.17533 13.3 2.05677799313242 160.495811731317 90.4247207641602 286.036468505859
"197" 2008-01-17 33.7 -118.2 0.071138933300972 33.79236 -118.17533 7.3 4.07390761013804 212.033175337436 49.8935966491699 287.003295898438
"198" 2008-01-18 33.7 -118.2 0.0179428309202194 33.79236 -118.17533 15.2 1.72282763051546 132.975860556746 66.8939208984375 286.551788330078
"199" 2008-01-26 33.7 -118.2 0.151094272732735 33.79236 -118.17533 5.6 6.00821985289171 298.68448904146 84.7170181274414 286.586761474609
"200" 2008-01-28 33.7 -118.2 0.0527621060609818 33.79236 -118.17533 3.2 5.97546401911873 72.8691932493609 82.1487426757812 285.945495605469
"201" 2008-02-05 33.7 -118.2 0.071138933300972 33.79236 -118.17533 9.7 3.45825295849893 155.771303661444 69.3499526977539 286.255004882812
"202" 2008-02-06 33.7 -118.2 0.0264864414930344 33.79236 -118.17533 14.5 3.61550494414915 119.208049241419 70.0498809814453 285.71728515625
"203" 2008-02-07 33.7 -118.2 -0.0439580827951431 33.79236 -118.17533 18 1.49365067597571 138.387780555324 86.0586166381836 285.486358642578
"204" 2008-02-11 33.7 -118.2 0.140535667538643 33.79236 -118.17533 27.8 0.967723442856611 75.5180277347529 93.333137512207 286.185211181641
"205" 2008-02-14 33.7 -118.2 0.130138233304024 33.79236 -118.17533 16.6 0.781155541730206 149.992973072328 86.1046295166016 285.639862060547
"206" 2008-02-15 33.7 -118.2 0.0445408821105957 33.79236 -118.17533 8.4 3.45683721273471 135.703396880218 62.3022270202637 286.304473876953
"207" 2008-02-16 33.7 -118.2 -0.00647903978824615 33.79236 -118.17533 10.9 2.71568553363408 116.688086773957 82.7430648803711 285.901672363281
"208" 2008-02-25 33.7 -118.2 0.265546500682831 33.79236 -118.17533 9.1 4.42406451552455 108.454811251426 93.2691497802734 285.87841796875
"209" 2008-02-26 33.7 -118.2 0.043815478682518 33.79236 -118.17533 10.5 2.46108624121215 120.190049526972 93.583740234375 284.744812011719
"210" 2008-02-28 33.7 -118.2 0.206305339932442 33.79236 -118.17533 11.2 1.08842691216629 101.059567715421 92.6627960205078 286.548065185547
"211" 2008-03-03 33.7 -118.2 0.0527621060609818 33.79236 -118.17533 12.5 2.73925421896548 155.373244660181 75.4070663452148 287.848449707031
"212" 2008-03-04 33.7 -118.2 0.161814108490944 33.79236 -118.17533 11 2.86272497405678 113.831233683677 76.7862396240234 287.679260253906
"213" 2008-03-05 33.7 -118.2 0.194940730929375 33.79236 -118.17533 13 0.226379499963696 319.674166986698 90.0321426391602 286.218353271484
"214" 2008-03-07 33.7 -118.2 -0.0419430993497372 33.79236 -118.17533 18.2 1.67162946338327 123.825948283888 91.680549621582 285.440246582031
"215" 2008-03-13 33.7 -118.2 0.194940730929375 33.79236 -118.17533 10 2.99075758174065 107.020761065886 92.8534469604492 286.769378662109
"216" 2008-03-14 33.7 -118.2 0.0877828598022461 33.79236 -118.17533 9.2 6.65273504076986 103.893160158398 92.7820053100586 286.896881103516
"217" 2008-03-15 33.7 -118.2 0.217831268906593 33.79236 -118.17533 6.2 9.23092774264648 109.44499699371 85.9982223510742 286.344177246094
"218" 2008-03-16 33.7 -118.2 0.101202785968781 33.79236 -118.17533 5.2 9.2012102373846 114.469280963875 74.3793563842773 285.682983398438
"219" 2008-03-17 33.7 -118.2 0.172695115208626 33.79236 -118.17533 7.5 5.36920167990584 130.4859901244 71.1909408569336 287.126983642578
"220" 2008-03-21 33.7 -118.2 0.18373729288578 33.79236 -118.17533 13.3 3.84663818871254 114.920929816685 92.9880828857422 284.969665527344
"221" 2008-03-22 33.7 -118.2 0.0805691331624985 33.79236 -118.17533 13.6 3.07935011588253 111.921243357173 90.2123031616211 286.590545654297
"222" 2008-03-23 33.7 -118.2 0.136304154992104 33.79236 -118.17533 11.6 3.13087411165397 118.793337767177 77.3559951782227 287.937225341797
"223" 2008-03-24 33.7 -118.2 0.172695115208626 33.79236 -118.17533 13.7 3.42776162128567 105.549426757916 84.1553573608398 287.3359375
"224" 2008-03-26 33.7 -118.2 0.0527621060609818 33.79236 -118.17533 12.1 1.68445022497601 78.5886505600323 93.3499603271484 286.366088867188
"225" 2008-03-31 33.7 -118.2 0.0805691331624985 33.79236 -118.17533 9.5 4.91302783286103 107.410934114323 82.6904373168945 285.647674560547
"226" 2008-04-02 33.7 -118.2 0.119902029633522 33.79236 -118.17533 8.1 1.67021026564118 84.8090233400421 89.0105209350586 285.756988525391
"227" 2008-04-07 33.7 -118.2 0.382336139678955 33.79236 -118.17533 8.9 3.90653593681726 104.889336407534 90.4318618774414 285.813385009766
"228" 2008-04-08 33.7 -118.2 0.130138233304024 33.79236 -118.17533 9.3 4.11975997714675 106.686198171922 90.0636138916016 285.327819824219
"229" 2008-04-11 33.7 -118.2 0.115348115563393 33.79236 -118.17533 12.9 2.316081484638 117.191113164235 92.6766815185547 285.244598388672
"230" 2008-04-12 33.7 -118.2 0.135336950421333 33.79236 -118.17533 10.8 2.74528085707681 137.21315704215 69.7078552246094 289.264678955078
"231" 2008-04-13 33.7 -118.2 0.0618699043989182 33.79236 -118.17533 9.1 3.64812943854914 117.835768086627 52.1311531066895 290.959350585938
"232" 2008-04-14 33.7 -118.2 0.130138233304024 33.79236 -118.17533 12.7 3.65822651005561 108.451401007223 83.1221237182617 287.741760253906
"233" 2008-04-15 33.7 -118.2 0.0618699043989182 33.79236 -118.17533 10.1 4.62537547146982 107.545483759344 89.4258270263672 286.237976074219
"234" 2008-04-16 33.7 -118.2 0.161814108490944 33.79236 -118.17533 10.1 0.727728685630003 112.681486507458 87.1493148803711 285.837860107422
"235" 2008-04-17 33.7 -118.2 0.109827026724815 33.79236 -118.17533 13.7 1.47115724905171 109.276746765176 92.0307312011719 284.856597900391
"236" 2008-04-22 33.7 -118.2 0.27787834405899 33.79236 -118.17533 10.8 3.23811352411454 111.373403604322 87.6001892089844 285.317047119141
"237" 2008-04-23 33.7 -118.2 0.151094272732735 33.79236 -118.17533 8.9 5.34712741328919 97.7460236705072 91.1072540283203 286.193939208984
"238" 2008-04-24 33.7 -118.2 0.130138233304024 33.79236 -118.17533 8.6 5.44705292908537 112.573104578657 89.2324066162109 285.969787597656
"239" 2008-04-25 33.7 -118.2 0.217831268906593 33.79236 -118.17533 11.6 2.61830398489447 123.181642879642 90.1119079589844 286.047058105469
"240" 2008-04-27 33.7 -118.2 0.119902029633522 33.79236 -118.17533 15.2 1.85034618168421 128.419269411158 51.4035186767578 291.860717773438
"241" 2008-05-01 33.7 -118.2 0.315841019153595 33.79236 -118.17533 12.4 0.867460090673908 98.6371571131879 89.8343200683594 286.071258544922
"242" 2008-05-02 33.7 -118.2 0.125020131468773 33.79236 -118.17533 12.3 1.68503231665987 124.68294237282 91.3458862304688 285.844818115234
"243" 2008-05-03 33.7 -118.2 0.172614529728889 33.79236 -118.17533 12.9 2.48811194370553 118.269075334189 91.5823593139648 286.382659912109
"244" 2008-05-04 33.7 -118.2 0.071138933300972 33.79236 -118.17533 11.5 2.57947363646733 117.304113202212 89.9006652832031 286.467956542969
"245" 2008-05-09 33.7 -118.2 0.206305339932442 33.79236 -118.17533 11.8 2.62090184652346 105.376338511692 89.8124542236328 286.840576171875
"246" 2008-05-11 33.7 -118.2 0.410062551498413 33.79236 -118.17533 14.3 0.751513590327168 99.2955130962059 90.601448059082 287.190307617188
"247" 2008-05-12 33.7 -118.2 0.229518249630928 33.79236 -118.17533 10.5 2.10925718192207 116.775060246566 90.4233932495117 287.322357177734
"248" 2008-05-17 33.7 -118.2 0.0805691331624985 33.79236 -118.17533 12.3 2.55342054314011 108.584938289682 91.6142883300781 288.756622314453
"249" 2008-05-18 33.7 -118.2 0.0527621060609818 33.79236 -118.17533 14.1 1.03708725229341 86.0635332475812 92.8821792602539 288.711853027344
"250" 2008-05-19 33.7 -118.2 0.109827026724815 33.79236 -118.17533 10.7 1.48199802106403 101.39810820664 93.5661087036133 288.522216796875
"251" 2008-05-20 33.7 -118.2 0.0999131947755814 33.79236 -118.17533 11.5 2.17343513478668 91.0781595363023 92.055793762207 288.31689453125
"252" 2008-05-21 33.7 -118.2 0.253375887870789 33.79236 -118.17533 13.9 4.39719043948849 106.417117769556 91.8368606567383 287.870513916016
"253" 2008-05-22 33.7 -118.2 0.172695115208626 33.79236 -118.17533 14.6 6.4725491912173 114.874081103473 90.1379013061523 287.646362304688
"254" 2008-05-26 33.7 -118.2 0.0527621060609818 33.79236 -118.17533 5.2 3.16272029727414 91.2967304410058 83.1800384521484 287.200775146484
"255" 2008-05-28 33.7 -118.2 0.0901605635881424 33.79236 -118.17533 9.3 4.02632142644007 101.660213635838 89.3170166015625 286.486663818359
"256" 2008-06-06 33.7 -118.2 0.140535667538643 33.79236 -118.17533 12.6 1.62031856090708 123.246488382626 91.6946716308594 287.435485839844
"257" 2008-06-07 33.7 -118.2 0.0451050698757172 33.79236 -118.17533 11.5 1.46058598899241 108.436032381118 92.1249237060547 287.614654541016
"258" 2008-06-08 33.7 -118.2 0.0901605635881424 33.79236 -118.17533 13.8 0.626655618221149 273.217851613816 92.4681015014648 287.585388183594
"259" 2008-06-09 33.7 -118.2 0.303025603294373 33.79236 -118.17533 17.7 0.302128422877564 149.662715926033 92.3427734375 287.654296875
"260" 2008-06-12 33.7 -118.2 0.0901605635881424 33.79236 -118.17533 11.1 1.33403349290001 307.017524424474 92.9435958862305 287.769714355469
"261" 2008-06-14 33.7 -118.2 0.151094272732735 33.79236 -118.17533 16.4 2.06409681378136 117.295022367521 91.5243225097656 287.447052001953
"262" 2008-06-15 33.7 -118.2 0.0712195187807083 33.79236 -118.17533 17.1 4.01780565738292 116.609247395626 91.9160919189453 287.830200195312
"263" 2008-06-19 33.7 -118.2 0.0805691331624985 33.79236 -118.17533 12.8 1.28850124288783 295.829388148462 92.9902801513672 289.113311767578
"264" 2008-06-20 33.7 -118.2 0.217871516942978 33.79236 -118.17533 13.9 1.49902446701216 284.736174407589 93.0238571166992 290.037475585938
"265" 2008-06-22 33.7 -118.2 0.109827026724815 33.79236 -118.17533 11.3 1.14980735838975 81.9259695264829 87.5244979858398 290.909790039062
"266" 2008-06-23 33.7 -118.2 0.071138933300972 33.79236 -118.17533 13.9 3.87255583120904 100.39944746964 92.7825927734375 290.013275146484
"267" 2008-06-24 33.7 -118.2 0.0589280128479004 33.79236 -118.17533 16.5 2.6029422151847 108.024427148061 91.7646713256836 289.447143554688
"268" 2008-06-28 33.7 -118.2 0.221350744366646 33.79236 -118.17533 19.8 0.695412178554026 76.9866032400258 89.4537811279297 290.339538574219
"269" 2008-06-29 33.7 -118.2 0.0641804486513138 33.79236 -118.17533 16.3 3.25848740232844 109.724643460655 90.1128692626953 290.065002441406
"270" 2008-06-30 33.7 -118.2 0.0901605635881424 33.79236 -118.17533 11.5 4.56331342175311 106.034638776007 91.5688781738281 289.888153076172
"271" 2008-07-01 33.7 -118.2 0.0805691331624985 33.79236 -118.17533 12.5 4.72649362973088 102.825218339656 92.717399597168 290.212097167969
"272" 2008-07-02 33.7 -118.2 0.0410347580909729 33.79236 -118.17533 18.9 3.22533840260031 100.525642268281 91.9094772338867 289.970855712891
"273" 2008-07-03 33.7 -118.2 0.0527621060609818 33.79236 -118.17533 16 1.48962673711517 91.0127100558433 92.3567276000977 289.880157470703
"274" 2008-07-07 33.7 -118.2 0.212551891803741 33.79236 -118.17533 19.4 0.75809290204409 169.327599449818 92.3777084350586 290.743957519531
"275" 2008-07-08 33.7 -118.2 0.497110784053802 33.79236 -118.17533 16.7 1.29605516799485 98.4891006075796 92.8375015258789 290.740203857422
"276" 2008-07-15 33.7 -118.2 0.172695115208626 33.79236 -118.17533 14 3.400507960782 109.231557835398 91.6960983276367 291.118988037109
"277" 2008-07-18 33.7 -118.2 0.229518249630928 33.79236 -118.17533 17.6 2.37876214250965 114.18345391245 92.3627014160156 290.822509765625
"278" 2008-07-19 33.7 -118.2 0.151819661259651 33.79236 -118.17533 10.7 1.78094187081368 112.782458072803 91.9330139160156 290.619598388672
"279" 2008-07-26 33.7 -118.2 0.206305339932442 33.79236 -118.17533 14.3 0.854322902011795 316.692555645889 91.6756820678711 291.539031982422
"280" 2008-07-27 33.7 -118.2 0.0901605635881424 33.79236 -118.17533 11.7 2.05255928457015 304.53642128991 94.0952682495117 291.989288330078
"281" 2008-07-28 33.7 -118.2 0.157421380281448 33.79236 -118.17533 14.5 0.366495893815919 87.8774544307541 92.8585205078125 291.808044433594
"282" 2008-08-01 33.7 -118.2 0.0527621060609818 33.79236 -118.17533 15.7 1.22836868727477 123.401401613722 91.7947769165039 291.657623291016
"283" 2008-08-02 33.7 -118.2 0.043815478682518 33.79236 -118.17533 13.4 0.168931439843623 102.682180031718 92.0301971435547 291.684631347656
"284" 2008-08-04 33.7 -118.2 0.0805691331624985 33.79236 -118.17533 13.5 0.609984463484508 130.928868316018 93.6431427001953 292.324737548828
"285" 2008-08-05 33.7 -118.2 0.0969847217202187 33.79236 -118.17533 10.8 0.795810685093412 122.052345233585 93.2293167114258 292.198608398438
"286" 2008-08-06 33.7 -118.2 0.110552400350571 33.79236 -118.17533 13.2 1.49881557565309 118.149748477754 91.5261917114258 291.92919921875
"287" 2008-08-07 33.7 -118.2 0.156937763094902 33.79236 -118.17533 12.5 3.03938703308165 106.670452434576 91.3410797119141 291.863098144531
"288" 2008-08-09 33.7 -118.2 0.071138933300972 33.79236 -118.17533 8.5 3.01645719223153 109.088118882822 91.5495147705078 291.937194824219
"289" 2008-08-10 33.7 -118.2 -0.0509703159332275 33.79236 -118.17533 10.1 3.90430575010267 100.700812708078 90.5838012695312 291.454559326172
"290" 2008-08-11 33.7 -118.2 0.043815478682518 33.79236 -118.17533 12.7 3.30612033796115 114.463741770348 90.1084594726562 291.326843261719
"291" 2008-08-12 33.7 -118.2 0.0527621060609818 33.79236 -118.17533 17.9 2.29078583683183 104.702405409109 89.8972702026367 291.278350830078
"292" 2008-08-13 33.7 -118.2 0.0179428309202194 33.79236 -118.17533 16.7 0.427933182616785 159.980620141392 90.6543121337891 291.720275878906
"293" 2008-08-15 33.7 -118.2 0.206305339932442 33.79236 -118.17533 11.1 1.3565430063182 92.638918570959 91.5109710693359 292.604064941406
"294" 2008-08-16 33.7 -118.2 0.071138933300972 33.79236 -118.17533 11.6 0.69108461055754 86.4524694258297 90.7009887695312 292.575378417969
"295" 2008-08-17 33.7 -118.2 0.0527621060609818 33.79236 -118.17533 14.4 1.21816229208649 113.509724726541 90.2208633422852 292.569458007812
"296" 2008-08-18 33.7 -118.2 0.0264058411121368 33.79236 -118.17533 11.1 3.3234407597597 108.106903549434 90.7131500244141 292.419464111328
"297" 2008-08-19 33.7 -118.2 0.130138233304024 33.79236 -118.17533 9.3 3.83698631493191 113.260837871148 90.8637771606445 292.284027099609
"298" 2008-08-21 33.7 -118.2 0.0350300520658493 33.79236 -118.17533 7.7 0.993305347001892 239.353652181617 90.1476593017578 292.529541015625
"299" 2008-08-22 33.7 -118.2 0.00278999656438828 33.79236 -118.17533 8.5 0.669084215280096 240.604127132827 92.0569839477539 293.062438964844
"300" 2008-08-24 33.7 -118.2 0.18373729288578 33.79236 -118.17533 15.4 2.42834936849909 113.797590742581 91.3486099243164 292.183624267578
"301" 2008-08-25 33.7 -118.2 0.194940730929375 33.79236 -118.17533 10.2 2.42532630555117 108.407337170341 91.0119018554688 292.357788085938
"302" 2008-08-26 33.7 -118.2 0.0264058411121368 33.79236 -118.17533 15.1 0.901510437128862 140.722052340057 92.9336166381836 292.953674316406
"303" 2008-09-02 33.7 -118.2 0.140535667538643 33.79236 -118.17533 13 0.55011976942134 87.0016135795488 93.3533630371094 293.030334472656
"304" 2008-09-03 33.7 -118.2 0.109827026724815 33.79236 -118.17533 16 0.984657002426624 80.2889351675796 92.6193313598633 292.711761474609
"305" 2008-09-04 33.7 -118.2 0.0208444371819496 33.79236 -118.17533 13.4 0.863628722203899 109.942445123834 91.8932723999023 292.556121826172
"306" 2008-09-05 33.7 -118.2 0.154157102108002 33.79236 -118.17533 17.4 1.96457692247062 108.8970222298 91.2921524047852 292.395080566406
"307" 2008-09-13 33.7 -118.2 0.355254471302032 33.79236 -118.17533 19 2.05474016289136 112.718858142517 89.5585327148438 292.080108642578
"308" 2008-09-14 33.7 -118.2 0.241366490721703 33.79236 -118.17533 22.3 2.80640487280181 112.746933762728 90.094367980957 291.271087646484
"309" 2008-09-15 33.7 -118.2 0.151094272732735 33.79236 -118.17533 16.7 4.81660808813425 111.43546244601 90.5513458251953 291.656127929688
"310" 2008-09-21 33.7 -118.2 0.119902029633522 33.79236 -118.17533 7.5 2.60458318718472 106.792694918111 90.8525924682617 291.308776855469
"311" 2008-09-22 33.7 -118.2 0.130138233304024 33.79236 -118.17533 12 1.33510152964289 94.6600086347876 88.864387512207 290.994689941406
"312" 2008-09-23 33.7 -118.2 0.151094272732735 33.79236 -118.17533 20.1 0.508773045831835 261.81156528731 89.1750946044922 290.977355957031
"313" 2008-09-24 33.7 -118.2 0.043815478682518 33.79236 -118.17533 20.1 0.97756822848671 136.371664513215 92.338005065918 290.477752685547
"314" 2008-10-01 33.7 -118.2 0.168221786618233 33.79236 -118.17533 13.2 1.83183833035489 131.862419249702 91.8261337280273 292.0615234375
"315" 2008-10-05 33.7 -118.2 0.0618699043989182 33.79236 -118.17533 7.5 3.53230142444714 111.476595500142 91.3586883544922 291.296966552734
"316" 2008-10-06 33.7 -118.2 0.172695115208626 33.79236 -118.17533 13.7 1.47124069916138 136.470946935012 91.7978820800781 290.498138427734
"317" 2008-10-10 33.7 -118.2 0.119902029633522 33.79236 -118.17533 11.5 1.14215183588623 161.942393429233 91.8209533691406 290.956604003906
"318" 2008-10-11 33.7 -118.2 0.0999131947755814 33.79236 -118.17533 4.9 7.66751331222434 121.502381937854 70.4899368286133 290.374969482422
"319" 2008-10-12 33.7 -118.2 0.151094272732735 33.79236 -118.17533 8 5.71233466094273 135.235634024568 56.3223724365234 290.772247314453
"320" 2008-10-13 33.7 -118.2 0.265546500682831 33.79236 -118.17533 14.9 3.84728578442245 161.40327999056 58.7059288024902 291.470245361328
"321" 2008-10-14 33.7 -118.2 -0.0538719296455383 33.79236 -118.17533 17.3 4.32394101250735 146.594561853912 69.4331436157227 292.029022216797
"322" 2008-10-15 33.7 -118.2 0.161814108490944 33.79236 -118.17533 15.7 2.30031541371065 116.924583847312 75.0962295532227 292.168548583984
"323" 2008-10-20 33.7 -118.2 0.109827026724815 33.79236 -118.17533 14 2.76153452407689 118.654690524551 90.0337677001953 288.842956542969
"324" 2008-10-21 33.7 -118.2 0.140535667538643 33.79236 -118.17533 23.7 0.75438987383107 146.061207592186 91.0479431152344 289.024841308594
"325" 2008-10-22 33.7 -118.2 0.0999131947755814 33.79236 -118.17533 13.3 0.548431698797064 62.9240898256305 93.1998596191406 288.915954589844
"326" 2008-10-23 33.7 -118.2 0.0905232951045036 33.79236 -118.17533 11.2 1.62540913708046 152.852546913754 76.0967559814453 291.931396484375
"327" 2008-11-02 33.7 -118.2 -0.0509703159332275 33.79236 -118.17533 5.4 4.56753616173629 87.3892687814374 93.5244674682617 290.596435546875
"328" 2008-11-08 33.7 -118.2 0.0618699043989182 33.79236 -118.17533 14.8 2.58961910894523 114.677201907566 72.2207107543945 291.898071289062
"329" 2008-11-09 33.7 -118.2 0.244308352470398 33.79236 -118.17533 5.2 8.01575457091129 106.515961301179 88.1460189819336 290.180877685547
"330" 2008-11-12 33.7 -118.2 -0.0509703159332275 33.79236 -118.17533 20 1.34859146468569 127.40530113037 91.1712799072266 288.1650390625
"331" 2008-11-14 33.7 -118.2 0.161814108490944 33.79236 -118.17533 28.6 1.25841166527263 106.173561509157 86.7344131469727 290.405700683594
"332" 2008-11-18 33.7 -118.2 0.0853648483753204 33.79236 -118.17533 31.8 0.793594022718789 154.485832056985 79.1096038818359 290.166168212891
"333" 2008-11-19 33.7 -118.2 0.119902029633522 33.79236 -118.17533 27.3 1.52296222353029 151.64382585998 92.1317520141602 289.036529541016
"334" 2008-11-27 33.7 -118.2 0.0999131947755814 33.79236 -118.17533 9.7 1.16346906889863 211.116147168209 78.6928100585938 289.129486083984
"335" 2008-11-29 33.7 -118.2 0.0901605635881424 33.79236 -118.17533 27.4 1.96631340765493 123.859463110967 92.8096771240234 286.976226806641
"336" 2008-11-30 33.7 -118.2 0.0527621060609818 33.79236 -118.17533 27.4 2.97410339559339 115.161629947075 92.8335266113281 287.629852294922
"337" 2008-12-01 33.7 -118.2 0.161814108490944 33.79236 -118.17533 27.7 2.98218071384772 114.939414381672 93.9454879760742 288.557983398438
"338" 2008-12-05 33.7 -118.2 0.109827026724815 33.79236 -118.17533 30.1 1.51985619688551 234.815458171933 90.204719543457 287.35205078125
"339" 2008-12-06 33.7 -118.2 0.071138933300972 33.79236 -118.17533 12.7 0.704973932954979 227.390038771733 88.7876586914062 288.281158447266
"340" 2008-12-09 33.7 -118.2 0.109827026724815 33.79236 -118.17533 11.7 1.96038395576278 145.479862215822 85.2534637451172 287.829681396484
"341" 2008-12-10 33.7 -118.2 -0.0367846786975861 33.79236 -118.17533 10.6 2.69956358484404 165.19630546871 67.7907562255859 289.829437255859
"342" 2008-12-20 33.7 -118.2 -0.00647903978824615 33.79236 -118.17533 26 4.72064680362757 125.640658227233 74.9138946533203 286.852233886719
"343" 2008-12-26 33.7 -118.2 0.0271312445402145 33.79236 -118.17533 7.2 8.58460372049819 119.087390101954 67.020263671875 285.673980712891
"344" 2008-12-28 33.7 -118.2 0.0264058411121368 33.79236 -118.17533 12.5 2.87063126547159 159.13483929969 51.3210754394531 286.489196777344
"345" 2008-12-29 33.7 -118.2 -0.0142972469329834 33.79236 -118.17533 14.1 3.01400602894224 137.198014349709 80.6901245117188 287.016479492188
"346" 2009-01-04 33.7 -118.2 0.0999131947755814 33.79236 -118.17533 22.1 2.49067415028319 164.214562879368 88.828125 285.690826416016
"347" 2009-01-07 33.7 -118.2 0.0901605635881424 33.79236 -118.17533 33.1 0.972309583091061 125.300895333336 89.3317108154297 286.348602294922
"348" 2009-01-08 33.7 -118.2 0.194940730929375 33.79236 -118.17533 31.2 1.69373337316292 112.690408734343 93.8817443847656 285.955017089844
"349" 2009-01-13 33.7 -118.2 0.0264058411121368 33.79236 -118.17533 12.7 3.74430838717676 166.854969334751 53.2893981933594 290.64111328125
"350" 2009-01-15 33.7 -118.2 0.043815478682518 33.79236 -118.17533 18 0.852235495891388 161.630326163778 30.9310531616211 291.37255859375
"351" 2009-01-16 33.7 -118.2 0.0179428309202194 33.79236 -118.17533 14.3 1.20978446957769 255.639157329615 60.7583618164062 288.6953125
"352" 2009-01-17 33.7 -118.2 -0.00575361400842667 33.79236 -118.17533 13.4 0.935856991323571 141.233022112603 67.7435455322266 288.102081298828
"353" 2009-01-18 33.7 -118.2 -0.0242513567209244 33.79236 -118.17533 8.9 0.724279612322827 194.395848422349 79.9088668823242 287.691864013672
"354" 2009-01-25 33.7 -118.2 0.119902029633522 33.79236 -118.17533 6.3 5.830783619158 107.800165978111 91.4341125488281 286.993255615234
"355" 2009-01-26 33.7 -118.2 0.0782720372080803 33.79236 -118.17533 4.4 8.95108395122951 111.593086863597 81.4263305664062 286.208557128906
"356" 2009-01-30 33.7 -118.2 0.0179428309202194 33.79236 -118.17533 12.2 2.4784737567504 173.068711320324 59.2572898864746 289.641326904297
"357" 2009-02-03 33.7 -118.2 -0.00587451457977295 33.79236 -118.17533 16.1 1.5038941358499 141.906651045912 49.3219261169434 289.901153564453
"358" 2009-02-04 33.7 -118.2 0.0527621060609818 33.79236 -118.17533 9.3 0.579325779739319 145.687692886231 80.4580154418945 287.838256835938
"359" 2009-02-12 33.7 -118.2 0.0758540332317352 33.79236 -118.17533 4.5 6.61583493254823 110.829864836754 79.0666351318359 285.945922851562
"360" 2009-02-14 33.7 -118.2 0.071138933300972 33.79236 -118.17533 8.1 4.53892750515453 98.4593271221983 69.09033203125 285.145324707031
"361" 2009-03-03 33.7 -118.2 0.119902029633522 33.79236 -118.17533 5.4 3.76409649602008 91.2770062502209 93.2340316772461 287.468139648438
"362" 2009-03-05 33.7 -118.2 0.0264058411121368 33.79236 -118.17533 5.2 2.72935328593432 123.699288281983 79.2411575317383 286.154907226562
"363" 2009-03-06 33.7 -118.2 0.136304154992104 33.79236 -118.17533 6.2 5.13660644186867 111.021313973202 81.6162643432617 285.846893310547
"364" 2009-03-10 33.7 -118.2 0.151094272732735 33.79236 -118.17533 9.9 2.16993418427066 115.819940226677 81.994873046875 285.856506347656
"365" 2009-03-12 33.7 -118.2 0.151094272732735 33.79236 -118.17533 7.2 1.85390591106733 99.5579745632013 85.2892379760742 285.091522216797
"366" 2009-03-13 33.7 -118.2 0.172695115208626 33.79236 -118.17533 13.9 2.97053733180851 106.750200185992 86.2617721557617 285.617065429688
"367" 2009-03-15 33.7 -118.2 0.161814108490944 33.79236 -118.17533 9 3.86343058505279 107.539932163377 91.4568023681641 285.541076660156
"368" 2009-03-16 33.7 -118.2 0.00964100658893585 33.79236 -118.17533 15.1 1.9250643916402 119.862233200208 89.7162170410156 285.325286865234
"369" 2009-03-23 33.7 -118.2 0.119902029633522 33.79236 -118.17533 8.8 8.33367148349388 126.001545385733 68.6815414428711 285.696044921875
"370" 2009-03-24 33.7 -118.2 0.0621923059225082 33.79236 -118.17533 13.9 5.42298038012577 135.201000166058 79.8986968994141 286.945068359375
"371" 2009-03-27 33.7 -118.2 0.119902029633522 33.79236 -118.17533 11.8 0.144671741984629 103.968322140518 92.8476333618164 285.505981445312
"372" 2009-03-28 33.7 -118.2 0.0921755731105804 33.79236 -118.17533 13.7 2.1212041738513 116.498274019204 92.6721038818359 285.173736572266
"373" 2009-03-31 33.7 -118.2 0.109827026724815 33.79236 -118.17533 13.2 2.55261872317377 112.266318645263 90.743278503418 285.373901367188
"374" 2009-04-03 33.7 -118.2 0.151094272732735 33.79236 -118.17533 9.6 3.365093077499 97.9410385408208 90.4552917480469 286.358978271484
"375" 2009-04-04 33.7 -118.2 0.140535667538643 33.79236 -118.17533 11.7 1.39756745246108 105.620771192417 86.0318756103516 285.900390625
"376" 2009-04-05 33.7 -118.2 0.071138933300972 33.79236 -118.17533 9.2 1.10130840487229 204.737632216763 86.7437057495117 286.228607177734
"377" 2009-04-11 33.7 -118.2 0.229518249630928 33.79236 -118.17533 8 6.42619219820398 109.562777872687 83.1063766479492 286.858795166016
"378" 2009-04-12 33.7 -118.2 0.130138233304024 33.79236 -118.17533 8.3 2.18490792305934 109.69638347982 88.3994598388672 286.160766601562
"379" 2009-04-18 33.7 -118.2 0.243945688009262 33.79236 -118.17533 12.9 1.541820031393 100.937914655862 91.7427978515625 285.154846191406
"380" 2009-04-20 33.7 -118.2 0.130138233304024 33.79236 -118.17533 11.7 2.05176057627931 105.439171525898 81.2259674072266 287.964630126953
"381" 2009-04-21 33.7 -118.2 0.140535667538643 33.79236 -118.17533 14.7 1.17957142811315 127.162749503034 74.9698333740234 288.564086914062
"382" 2009-04-22 33.7 -118.2 0.0527621060609818 33.79236 -118.17533 14.1 0.553887094734537 29.0058503674802 92.0627288818359 287.052368164062
"383" 2009-04-26 33.7 -118.2 0.0999131947755814 33.79236 -118.17533 10.2 3.85058179526324 107.687882170259 87.1666412353516 286.128479003906
"384" 2009-04-29 33.7 -118.2 0.217831268906593 33.79236 -118.17533 13.1 4.05334055883013 101.802404461032 86.6982192993164 285.771331787109
"385" 2009-04-30 33.7 -118.2 0.190306261181831 33.79236 -118.17533 12.7 3.43540972329666 109.35440729989 88.8654937744141 286.073455810547
"386" 2009-05-04 33.7 -118.2 0.0618699043989182 33.79236 -118.17533 7.5 5.80821234384848 100.025826548026 93.6469802856445 287.335021972656
"387" 2009-05-08 33.7 -118.2 0.071138933300972 33.79236 -118.17533 11.8 0.322960475235334 33.8872956300009 93.4885711669922 287.451385498047
"388" 2009-05-09 33.7 -118.2 0.0999131947755814 33.79236 -118.17533 12.7 1.78851667740217 269.709455871627 93.7306213378906 287.510711669922
"389" 2009-05-10 33.7 -118.2 0.27787834405899 33.79236 -118.17533 14.5 0.606339694995262 279.399196664344 93.6632308959961 287.191162109375
"390" 2009-05-11 33.7 -118.2 0.241366490721703 33.79236 -118.17533 17.1 0.476566651361993 155.803332043657 93.4440383911133 287.186737060547
"391" 2009-05-12 33.7 -118.2 0.130138233304024 33.79236 -118.17533 13.9 1.38907362826324 96.7234459437965 92.0562438964844 287.119781494141
"392" 2009-05-13 33.7 -118.2 0.119902029633522 33.79236 -118.17533 13.8 0.496239030515932 57.4152847404339 91.7763977050781 286.960052490234
"393" 2009-05-18 33.7 -118.2 0.638564050197601 33.79236 -118.17533 15.8 0.75596079981606 99.9030880450761 93.5112609863281 287.807373046875
"394" 2009-05-19 33.7 -118.2 0.229518249630928 33.79236 -118.17533 12.3 1.65558307210955 107.620956577371 93.0601959228516 287.762725830078
"395" 2009-05-20 33.7 -118.2 0.18373729288578 33.79236 -118.17533 10.7 2.46834683047198 117.403718460769 92.621955871582 287.947814941406
"396" 2009-05-21 33.7 -118.2 0.0904829800128937 33.79236 -118.17533 11.3 3.38995053760064 110.847467965277 91.7984237670898 287.700592041016
"397" 2009-05-24 33.7 -118.2 0.043815478682518 33.79236 -118.17533 8.4 2.40502544172469 103.259299742107 88.8318405151367 287.619140625
"398" 2009-05-25 33.7 -118.2 0.140535667538643 33.79236 -118.17533 10 2.85276057839614 108.578047803694 88.4962692260742 287.884002685547
"399" 2009-06-04 33.7 -118.2 0.194940730929375 33.79236 -118.17533 3.6 2.15845053365565 101.906902780393 91.7555389404297 289.541931152344
"400" 2009-06-07 33.7 -118.2 0.0698896199464798 33.79236 -118.17533 4.1 3.85764853443988 96.4330771871336 92.6545486450195 289.225128173828
"401" 2009-06-09 33.7 -118.2 0.290371358394623 33.79236 -118.17533 7.9 2.38379910667415 110.202485432232 90.5633239746094 289.195190429688
"402" 2009-06-11 33.7 -118.2 0.151094272732735 33.79236 -118.17533 6.2 3.45244600085181 96.9004923081351 91.9561309814453 289.4638671875
"403" 2009-06-14 33.7 -118.2 0.229518249630928 33.79236 -118.17533 5.7 3.89915037024167 98.3542908801838 91.6652145385742 289.532287597656
"404" 2009-06-16 33.7 -118.2 0.151094272732735 33.79236 -118.17533 6 1.21108960036962 67.6484045040538 93.2041015625 289.748870849609
"405" 2009-06-17 33.7 -118.2 0.265546500682831 33.79236 -118.17533 10.4 2.60285201705018 96.7001678091968 92.618408203125 289.788360595703
"406" 2009-06-18 33.7 -118.2 0.140535667538643 33.79236 -118.17533 11.6 2.4642955578333 108.65627825118 92.0216598510742 289.871795654297
"407" 2009-06-19 33.7 -118.2 0.18373729288578 33.79236 -118.17533 12.4 0.515058445872185 40.2325734592198 91.9642181396484 290.04541015625
"408" 2009-06-22 33.7 -118.2 0.217831268906593 33.79236 -118.17533 11.2 2.04320060563555 109.256452519635 90.8566131591797 289.604095458984
"409" 2009-06-23 33.7 -118.2 0.193852692842484 33.79236 -118.17533 12.2 0.888091835955181 7.70243520948884 91.1118392944336 289.541748046875
"410" 2009-06-24 33.7 -118.2 0.217831268906593 33.79236 -118.17533 10.1 0.544560301267138 353.887142581045 90.1671905517578 289.884796142578
"411" 2009-06-25 33.7 -118.2 0.235925912857056 33.79236 -118.17533 12.6 1.71630889006825 92.0176822073782 90.7104187011719 290.096221923828
"412" 2009-06-26 33.7 -118.2 0.161814108490944 33.79236 -118.17533 17.4 2.03523859180053 104.706299404982 90.0826416015625 289.5986328125
"413" 2009-06-27 33.7 -118.2 0.130138233304024 33.79236 -118.17533 15.3 0.995266505945722 132.088900246647 90.5185852050781 289.794799804688
"414" 2009-06-28 33.7 -118.2 0.152383878827095 33.79236 -118.17533 16.6 0.980538844134464 105.223313911425 91.5334167480469 289.973480224609
"415" 2009-07-02 33.7 -118.2 0.15161819756031 33.79236 -118.17533 12.1 3.93142777141437 107.128409688144 92.2386703491211 290.143402099609
"416" 2009-07-03 33.7 -118.2 0.241366490721703 33.79236 -118.17533 14 3.04008656524056 101.809721234955 91.6216659545898 290.134338378906
"417" 2009-07-04 33.7 -118.2 0.071138933300972 33.79236 -118.17533 14.8 2.68193267779142 106.851908093954 91.4248352050781 290.065246582031
"418" 2009-07-05 33.7 -118.2 0.140858069062233 33.79236 -118.17533 8.7 3.80637948026605 100.056239144418 91.0039443969727 289.781341552734
"419" 2009-07-06 33.7 -118.2 0.0904829800128937 33.79236 -118.17533 9.2 2.93733555121536 100.917241343673 91.1738052368164 289.797271728516
"420" 2009-07-07 33.7 -118.2 0.109827026724815 33.79236 -118.17533 9.9 0.530470974876301 111.241990803415 92.5390548706055 289.89599609375
"421" 2009-07-10 33.7 -118.2 0.0999131947755814 33.79236 -118.17533 10.8 0.793848756413305 129.742858317478 90.7837448120117 290.212066650391
"422" 2009-07-12 33.7 -118.2 0.0901605635881424 33.79236 -118.17533 9.4 1.89391220725908 107.44460943654 92.1022491455078 290.475555419922
"423" 2009-07-13 33.7 -118.2 0.0618699043989182 33.79236 -118.17533 11 2.18014668278341 107.302594157257 92.5042266845703 290.686645507812
"424" 2009-07-14 33.7 -118.2 0.157085582613945 33.79236 -118.17533 13.6 1.77178685999415 105.651636209999 91.7061614990234 290.672027587891
"425" 2009-07-15 33.7 -118.2 0.18373729288578 33.79236 -118.17533 14.3 1.08745093108196 103.812380583986 92.1161727905273 290.846252441406
"426" 2009-07-16 33.7 -118.2 0.119902029633522 33.79236 -118.17533 9.9 0.618204492829387 211.223543661322 93.151725769043 291.031127929688
"427" 2009-07-17 33.7 -118.2 0.185026958584785 33.79236 -118.17533 11.3 3.45480714641232 102.762826291882 91.7385787963867 291.12646484375
"428" 2009-07-19 33.7 -118.2 0.0805691331624985 33.79236 -118.17533 8.9 0.935940139153445 101.963582760489 92.0702743530273 291.397155761719
"429" 2009-07-23 33.7 -118.2 0.115348115563393 33.79236 -118.17533 10.7 1.52341297158329 104.150810690866 92.6409759521484 290.966461181641
"430" 2009-07-24 33.7 -118.2 0.176644533872604 33.79236 -118.17533 10.6 1.75701709518524 115.868868357006 91.6064682006836 290.958679199219
"431" 2009-07-25 33.7 -118.2 0.355254471302032 33.79236 -118.17533 11.5 2.00220593703731 121.054444222383 91.1246032714844 291.013458251953
"432" 2009-07-26 33.7 -118.2 0.229518249630928 33.79236 -118.17533 9.7 0.933863506573357 129.823309467466 91.5063552856445 291.050384521484
"433" 2009-07-31 33.7 -118.2 0.172695115208626 33.79236 -118.17533 9.4 1.46270687412137 107.529601737404 91.9323959350586 291.724609375
"434" 2009-08-01 33.7 -118.2 0.206305339932442 33.79236 -118.17533 9.5 1.70699352112323 83.77621315072 91.5668106079102 291.471160888672
"435" 2009-08-02 33.7 -118.2 0.104870110750198 33.79236 -118.17533 12.7 3.56003203751992 107.411242568304 91.369758605957 291.121917724609
"436" 2009-08-03 33.7 -118.2 0.043815478682518 33.79236 -118.17533 6.8 5.30016009648358 112.275377775581 91.6182403564453 291.023651123047
"437" 2009-08-04 33.7 -118.2 0.0901605635881424 33.79236 -118.17533 7.2 4.97083804820265 106.577252246399 92.0460891723633 291.279327392578
"438" 2009-08-05 33.7 -118.2 -0.00647903978824615 33.79236 -118.17533 6.3 4.19343914692321 101.373264384051 91.0715942382812 291.437347412109
"439" 2009-08-08 33.7 -118.2 0.0901605635881424 33.79236 -118.17533 11 2.51905588615903 103.957395671053 91.4951019287109 290.834564208984
"440" 2009-08-10 33.7 -118.2 0.206305339932442 33.79236 -118.17533 13.8 0.724289192977956 294.468529269977 92.1726989746094 291.078704833984
"441" 2009-08-11 33.7 -118.2 0.241366490721703 33.79236 -118.17533 13.1 1.24882590349055 99.9689129325446 92.0534744262695 290.6396484375
"442" 2009-08-12 33.7 -118.2 0.193892955780029 33.79236 -118.17533 16.2 2.29692017690434 104.072490343118 92.0819473266602 290.399200439453
"443" 2009-08-13 33.7 -118.2 0.656645357608795 33.79236 -118.17533 11.8 0.633600941221717 57.4550675367745 91.7039489746094 290.470733642578
"444" 2009-08-14 33.7 -118.2 0.161814108490944 33.79236 -118.17533 11.5 0.638215293030784 271.869095820431 93.2730941772461 290.923522949219
"445" 2009-08-15 33.7 -118.2 0.217831268906593 33.79236 -118.17533 17 2.02216462973852 113.631816340436 92.2306442260742 290.61328125
"446" 2009-08-17 33.7 -118.2 0.241366490721703 33.79236 -118.17533 23.6 1.07271654144361 92.980991864715 91.1287231445312 290.036407470703
"447" 2009-08-20 33.7 -118.2 0.290371358394623 33.79236 -118.17533 14.3 2.15237839702305 101.114305454422 91.8577728271484 290.224243164062
"448" 2009-08-21 33.7 -118.2 0.0618699043989182 33.79236 -118.17533 12.8 3.29372623498567 103.808433578094 91.8375778198242 290.114074707031
"449" 2009-08-23 33.7 -118.2 0.0774660408496857 33.79236 -118.17533 10.7 1.49665088276147 289.235890857821 94.9092407226562 291.136596679688
"450" 2009-08-24 33.7 -118.2 0.0618699043989182 33.79236 -118.17533 14.2 1.64530374331036 97.8749201509908 94.1131896972656 290.888336181641
"451" 2009-08-25 33.7 -118.2 0.071138933300972 33.79236 -118.17533 13.3 3.22396731580309 113.867392451877 92.342155456543 289.936279296875
"452" 2009-08-26 33.7 -118.2 0.119902029633522 33.79236 -118.17533 13.2 3.12367376602538 116.8665244368 92.3119277954102 289.578979492188
"453" 2009-08-29 33.7 -118.2 0.0527621060609818 33.79236 -118.17533 14.7 1.43456337480773 83.4857212728057 91.6117553710938 291.43798828125
"454" 2009-08-30 33.7 -118.2 0.303025603294373 33.79236 -118.17533 14.5 1.67850269527023 108.676960159337 89.5085906982422 291.622406005859
"455" 2009-08-31 33.7 -118.2 0.18373729288578 33.79236 -118.17533 12.8 1.45197914927624 154.207662120926 93.3085327148438 291.322082519531
"456" 2009-09-01 33.7 -118.2 0.452861309051514 33.79236 -118.17533 10.2 0.529209250547187 230.606004951061 94.2052917480469 291.412384033203
"457" 2009-09-02 33.7 -118.2 0.697120070457458 33.79236 -118.17533 15.4 1.50865758442802 276.635981343995 94.4418182373047 291.961517333984
"458" 2009-09-03 33.7 -118.2 0.230243623256683 33.79236 -118.17533 9.9 1.15924163675791 113.242500541872 93.5059356689453 291.982360839844
"459" 2009-09-07 33.7 -118.2 -0.00200571119785309 33.79236 -118.17533 10 1.06956342740115 75.977820273816 91.8494491577148 292.01416015625
"460" 2009-09-09 33.7 -118.2 0.148232951760292 33.79236 -118.17533 11 0.682744782335039 159.866486777918 90.7649002075195 292.323486328125
"461" 2009-09-10 33.7 -118.2 0.109827026724815 33.79236 -118.17533 11.4 2.76551684723811 105.060060223133 91.4152450561523 292.099151611328
"462" 2009-09-12 33.7 -118.2 0.167254611849785 33.79236 -118.17533 12.1 2.51098959425268 97.8581868327464 91.5491561889648 292.088745117188
"463" 2009-09-13 33.7 -118.2 -0.0294500589370728 33.79236 -118.17533 7.4 2.00559374368092 105.897389651456 91.4098205566406 291.790863037109
"464" 2009-09-16 33.7 -118.2 0.151094272732735 33.79236 -118.17533 8.5 0.782983325136607 110.689273255613 90.8343734741211 291.445159912109
"465" 2009-09-19 33.7 -118.2 0.151094272732735 33.79236 -118.17533 13.2 0.403186623965189 145.932841627161 92.3246841430664 291.738555908203
"466" 2009-09-20 33.7 -118.2 0.0971459150314331 33.79236 -118.17533 11.4 1.72413959482394 119.226233061713 91.9594421386719 291.842498779297
"467" 2009-09-21 33.7 -118.2 0.0666656196117401 33.79236 -118.17533 12.5 3.08333538229018 116.640972995308 91.6743469238281 291.523651123047
"468" 2009-09-22 33.7 -118.2 0.0908859670162201 33.79236 -118.17533 12 3.90742693035291 107.502053792699 91.562141418457 291.208129882812
"469" 2009-09-29 33.7 -118.2 0.18373729288578 33.79236 -118.17533 12.3 1.23505989830318 122.047373961594 91.4358367919922 292.316192626953
"470" 2009-09-30 33.7 -118.2 0.140616253018379 33.79236 -118.17533 9.6 4.35952476363025 117.673655521479 84.9286956787109 291.515838623047
"471" 2009-10-01 33.7 -118.2 0.00972160696983337 33.79236 -118.17533 9.7 0.417284976714258 174.543934246329 84.9938049316406 290.627624511719
"472" 2009-10-02 33.7 -118.2 -0.114684730768204 33.79236 -118.17533 8.6 0.477637842718289 274.572307262331 88.4810562133789 291.168395996094
"473" 2009-10-08 33.7 -118.2 0.140535667538643 33.79236 -118.17533 9.8 3.11860538605908 117.054341936078 92.5936737060547 289.934936523438
"474" 2009-10-10 33.7 -118.2 0.0950368791818619 33.79236 -118.17533 11.7 3.05040615998697 113.724706150492 88.0864410400391 289.515625
"475" 2009-10-11 33.7 -118.2 -0.0139748379588127 33.79236 -118.17533 9.7 1.22390531242103 90.4543144481588 86.3808059692383 289.176696777344
"476" 2009-10-19 33.7 -118.2 0.104870110750198 33.79236 -118.17533 6.7 1.91987241274628 90.6947503480201 93.3799209594727 290.727905273438
"477" 2009-10-20 33.7 -118.2 0.0142755061388016 33.79236 -118.17533 6.5 5.41852752264246 108.05082880023 92.7162551879883 290.374694824219
"478" 2009-10-22 33.7 -118.2 0.071138933300972 33.79236 -118.17533 11.7 1.78098968764411 123.251347343536 93.1852264404297 290.302703857422
"479" 2009-10-30 33.7 -118.2 -0.0274350643157959 33.79236 -118.17533 7.7 2.51030742784258 122.847286848335 65.8569030761719 290.400512695312
"480" 2009-10-31 33.7 -118.2 -0.0774071589112282 33.79236 -118.17533 13.1 3.63636906394018 118.406362557146 82.5975570678711 289.9931640625
"481" 2009-11-06 33.7 -118.2 0.130138233304024 33.79236 -118.17533 12.5 2.30800788957871 129.917093643976 92.2441940307617 289.251281738281
"482" 2009-11-07 33.7 -118.2 0.172695115208626 33.79236 -118.17533 19.5 2.14361437796193 97.7135698759345 92.8151245117188 288.423889160156
"483" 2009-11-08 33.7 -118.2 0.119902029633522 33.79236 -118.17533 36.5 0.286368537005824 228.24856707577 90.3020782470703 288.510559082031
"484" 2009-11-09 33.7 -118.2 0.0665044188499451 33.79236 -118.17533 25.9 0.543762931288834 349.325885288221 88.658821105957 288.224456787109
"485" 2009-11-10 33.7 -118.2 0.0618699043989182 33.79236 -118.17533 16.3 1.09361909632629 122.263437065074 91.5234375 288.344085693359
"486" 2009-11-16 33.7 -118.2 0.043815478682518 33.79236 -118.17533 9.1 2.13345978325478 134.568035221755 80.6773071289062 289.822509765625
"487" 2009-11-17 33.7 -118.2 0.05731600522995 33.79236 -118.17533 12.1 2.90020518609984 119.384388814011 83.5444183349609 289.490051269531
"488" 2009-11-18 33.7 -118.2 0.0451050698757172 33.79236 -118.17533 20.5 2.4993188996747 111.293010349053 87.6219482421875 288.554565429688
"489" 2009-11-19 33.7 -118.2 0.043815478682518 33.79236 -118.17533 20.4 0.73526909456207 184.52346223426 87.9396362304688 287.270782470703
"490" 2009-11-20 33.7 -118.2 0.0350300520658493 33.79236 -118.17533 18.6 0.944332832485523 17.8806544455547 88.2178649902344 288.2509765625
"491" 2009-11-24 33.7 -118.2 0.0901605635881424 33.79236 -118.17533 13.6 1.71904587384392 181.933129557317 84.1868591308594 289.02685546875
"492" 2009-11-25 33.7 -118.2 0.043815478682518 33.79236 -118.17533 14.3 2.15468239661755 146.758249336738 74.0107727050781 290.364440917969
"493" 2009-11-26 33.7 -118.2 0.0179428309202194 33.79236 -118.17533 11.4 2.67332501103648 152.238080505133 67.7397918701172 290.664306640625
"494" 2009-11-28 33.7 -118.2 0.0540516972541809 33.79236 -118.17533 6 8.93783700410616 110.389553080319 82.296875 288.142639160156
"495" 2009-11-29 33.7 -118.2 0.0350300520658493 33.79236 -118.17533 9.9 3.27530070824923 129.253484359831 71.9296875 288.433532714844
"496" 2009-11-30 33.7 -118.2 -0.0955421850085258 33.79236 -118.17533 13.5 4.58086370985184 130.635509543051 78.5078125 289.580596923828
"497" 2009-12-04 33.7 -118.2 0.0618699043989182 33.79236 -118.17533 22.5 1.79029805798997 131.988644553962 90.3631362915039 285.8740234375
"498" 2009-12-08 33.7 -118.2 0.043815478682518 33.79236 -118.17533 7.9 8.9914831735439 116.084206683747 64.8715972900391 285.656005859375
"499" 2009-12-09 33.7 -118.2 0.00150038301944733 33.79236 -118.17533 9.1 3.08800034433282 121.139096089627 60.1537399291992 285.744598388672
"500" 2009-12-14 33.7 -118.2 0.0805691331624985 33.79236 -118.17533 8.3 3.99300556942729 118.108735631347 78.5807723999023 287.364105224609
"501" 2009-12-18 33.7 -118.2 0.0179428309202194 33.79236 -118.17533 23.1 2.33789935203529 128.438421824466 83.4107360839844 288.637390136719
"502" 2009-12-23 33.7 -118.2 0.0618699043989182 33.79236 -118.17533 6.5 8.06725689176958 133.416055599185 59.0977821350098 286.576293945312
"503" 2009-12-25 33.7 -118.2 0.043815478682518 33.79236 -118.17533 46.2 0.968188483059785 109.516936295435 75.8659515380859 287.069122314453
"504" 2009-12-28 33.7 -118.2 0.0618699043989182 33.79236 -118.17533 13.3 0.827623312353734 176.617389375679 86.0010528564453 287.557495117188
"505" 2009-12-29 33.7 -118.2 -0.0294500589370728 33.79236 -118.17533 13.7 1.04431668534127 81.0453883915606 88.9968566894531 287.371673583984
"506" 2009-07-01 35 -120.7 0.241366490721703 35.02083 -120.56388 10.9 2.20361224463402 13.3734777290203 93.3752517700195 288.294952392578
"507" 2009-07-04 35 -120.7 0.0264058411121368 35.02083 -120.56388 9.9 1.17475861252762 60.8011700617559 92.0654602050781 288.104309082031
"508" 2009-07-05 35 -120.7 0.0999131947755814 35.02083 -120.56388 11.7 1.98197160272455 91.9935502729172 92.0273818969727 288.320404052734
"509" 2009-07-06 35 -120.7 -0.0294500589370728 35.02083 -120.56388 19 6.01668677824084 134.295565775212 91.8613052368164 288.156646728516
"510" 2009-07-10 35 -120.7 0.0999131947755814 35.02083 -120.56388 10.2 4.0361664003328 130.473233908564 92.8071823120117 288.415191650391
"511" 2009-07-13 35 -120.7 0.109827026724815 35.02083 -120.56388 11 4.35694487467619 129.785295822621 93.3557891845703 288.561645507812
"512" 2009-07-14 35 -120.7 0.140535667538643 35.02083 -120.56388 13.7 1.30176328417583 109.52335241972 92.8858489990234 288.554840087891
"513" 2009-08-03 35 -120.7 0.00964100658893585 35.02083 -120.56388 5 3.36043543906733 125.174239860198 93.0166778564453 288.328338623047
"514" 2009-08-07 35 -120.7 -0.00647903978824615 35.02083 -120.56388 18.6 5.9349641534881 129.383790685652 93.3172073364258 288.966247558594
"515" 2009-08-08 35 -120.7 0.119902029633522 35.02083 -120.56388 17.6 6.08780621760052 137.405622756651 93.0654144287109 288.928314208984
"516" 2009-08-14 35 -120.7 0.328817665576935 35.02083 -120.56388 22.6 5.80631036095998 130.528974894098 93.3043441772461 288.861022949219
"517" 2009-08-21 35 -120.7 0.0999131947755814 35.02083 -120.56388 19.3 2.20706004200633 119.882600121296 93.3219528198242 288.231262207031
"518" 2009-08-24 35 -120.7 0.0618699043989182 35.02083 -120.56388 9.4 4.21864808488513 142.20969071988 93.0428771972656 288.177398681641
"519" 2009-08-25 35 -120.7 0.0350300520658493 35.02083 -120.56388 9.3 3.92845393969065 140.137533401257 91.959342956543 287.764404296875
"520" 2009-08-29 35 -120.7 0.0618699043989182 35.02083 -120.56388 13.3 1.21134391651177 93.8525128616163 92.7289428710938 289.22705078125
"521" 2009-09-02 35 -120.7 0.606001555919647 35.02083 -120.56388 12.5 2.27763934672292 125.835613048257 93.0121307373047 289.367767333984
"522" 2009-09-07 35 -120.7 0.0999131947755814 35.02083 -120.56388 26 9.19782420391132 136.878120268905 93.3963241577148 289.25634765625
"523" 2009-09-09 35 -120.7 0.140535667538643 35.02083 -120.56388 8.3 1.95530072788087 108.653742838736 93.0070877075195 289.339111328125
"524" 2009-09-15 35 -120.7 -0.0578213334083557 35.02083 -120.56388 8.6 6.74022049327374 138.960891654563 93.7807006835938 289.286254882812
"525" 2009-09-16 35 -120.7 0.119902029633522 35.02083 -120.56388 18.8 6.53701266251974 138.15025089122 93.7484359741211 289.460784912109
"526" 2009-09-30 35 -120.7 0.27787834405899 35.02083 -120.56388 8.2 9.50397453095379 144.280380958187 84.7880706787109 289.351776123047
"527" 2009-10-01 35 -120.7 0.0432915687561035 35.02083 -120.56388 7.4 7.25162971566288 156.511213324251 86.3063049316406 289.768249511719
"528" 2009-10-08 35 -120.7 0.18373729288578 35.02083 -120.56388 9.5 2.96340577788884 128.583454212174 92.8046112060547 287.763061523438
"529" 2009-10-09 35 -120.7 0.18373729288578 35.02083 -120.56388 6.3 2.73067704826016 128.107866519769 91.0222625732422 287.115570068359
"530" 2009-10-20 35 -120.7 -0.0534286089241505 35.02083 -120.56388 6.2 5.94078994390661 143.931713242205 93.3568801879883 288.874694824219
"531" 2009-10-21 35 -120.7 -0.0710397511720657 35.02083 -120.56388 14.5 7.78906070504128 153.116419103373 92.9913101196289 288.629760742188
"532" 2009-10-28 35 -120.7 0.0665044188499451 35.02083 -120.56388 7.6 11.9900369922896 151.326188947753 70.9941329956055 288.688507080078
"533" 2009-10-29 35 -120.7 0.0394227653741837 35.02083 -120.56388 7.8 6.72782597863458 158.636965098294 70.6378402709961 288.302795410156
"534" 2009-10-30 35 -120.7 -0.00647903978824615 35.02083 -120.56388 6.3 3.98889662028397 170.220346475884 79.7631530761719 288.634887695312
"535" 2009-11-04 35 -120.7 0.071138933300972 35.02083 -120.56388 7 2.41947014140142 356.16652974378 92.5940551757812 287.876647949219
"536" 2009-11-07 35 -120.7 0.0619505196809769 35.02083 -120.56388 8.2 7.47395297648073 144.126932439546 93.8073120117188 287.791076660156
"537" 2009-11-08 35 -120.7 0.129533767700195 35.02083 -120.56388 6.2 8.31028279838685 154.8543892357 87.3098907470703 287.979309082031
"538" 2009-11-17 35 -120.7 0.0142755061388016 35.02083 -120.56388 6 4.6426461027154 144.330669318338 91.3491058349609 286.802551269531
"539" 2009-11-18 35 -120.7 0.0618699043989182 35.02083 -120.56388 6.5 8.32942337316551 141.094508711283 91.5360107421875 287.109252929688
"540" 2009-11-19 35 -120.7 -0.0142972469329834 35.02083 -120.56388 8.9 8.46024208182189 163.570912812593 77.2365112304688 287.262969970703
"541" 2009-11-25 35 -120.7 0.172695115208626 35.02083 -120.56388 6.7 3.87844867052045 174.988921945956 81.0888977050781 288.161315917969
"542" 2009-11-26 35 -120.7 0.0966488867998123 35.02083 -120.56388 7.2 3.85660545241608 162.451353171855 88.1929168701172 287.656494140625
"543" 2009-11-28 35 -120.7 0.0805691331624985 35.02083 -120.56388 9.1 10.5933971635736 135.56487732901 86.4765625 286.478576660156
"544" 2009-11-29 35 -120.7 -0.0578213334083557 35.02083 -120.56388 5.2 4.69994862822878 172.837704892185 79.6015625 287.089782714844
"545" 2009-12-08 35 -120.7 -0.00647903978824615 35.02083 -120.56388 10.3 6.21050023643592 132.218501808015 65.1997222900391 283.116943359375
"546" 2009-12-09 35 -120.7 -0.0439580827951431 35.02083 -120.56388 10.4 3.50246086991547 164.327798201693 62.2396774291992 283.877410888672
"547" 2009-12-16 35 -120.7 -0.0439580827951431 35.02083 -120.56388 4.8 1.77564179233848 160.416940697461 91.0981140136719 286.183685302734
"548" 2009-12-23 35 -120.7 0.0527621060609818 35.02083 -120.56388 3.7 7.92947249159128 164.690086753664 65.574348449707 285.138793945312
"549" 2009-12-24 35 -120.7 0.0350300520658493 35.02083 -120.56388 4.9 4.95809434155085 177.459773615392 67.3152084350586 286.213043212891
"550" 2009-12-25 35 -120.7 -0.0578213334083557 35.02083 -120.56388 5.8 2.04072081724299 203.442036675791 74.3737640380859 286.217559814453
"551" 2006-12-28 40.8 -124.3 0.0179428309202194 40.776944 -124.1775 17.8 4.24763270063405 193.165989964989 71.9156265258789 282.533386230469
"552" 2007-01-12 40.8 -124.3 0.109827026724815 40.776944 -124.1775 21.8 3.33108312882002 194.593711340409 61.0510749816895 280.944641113281
"553" 2007-01-21 40.8 -124.3 0.043815478682518 40.776944 -124.1775 17.7 3.83182006936496 190.695184672337 81.1295928955078 282.991668701172
"554" 2007-03-28 40.8 -124.3 0.172695115208626 40.776944 -124.1775 7.2 4.53155236276865 173.308875158822 76.3475341796875 282.828063964844
"555" 2007-04-18 40.8 -124.3 0.130138233304024 40.776944 -124.1775 3.6 4.97026985991875 122.069909733754 78.0393829345703 282.190673828125
"556" 2007-05-18 40.8 -124.3 0.0179428309202194 40.776944 -124.1775 5.2 2.37770087739945 130.318147193007 93.1931076049805 283.009826660156
"557" 2007-06-05 40.8 -124.3 0.241366490721703 40.776944 -124.1775 2.5 3.77618676086212 95.2889565274824 95.4497299194336 284.884399414062
"558" 2007-06-11 40.8 -124.3 0.109827026724815 40.776944 -124.1775 5.1 4.74410657761634 163.402919155804 91.9863815307617 284.842926025391
"559" 2007-08-10 40.8 -124.3 -0.0219542533159256 40.776944 -124.1775 4 4.43746282178621 158.959625383121 93.4451904296875 286.821960449219
"560" 2007-09-21 40.8 -124.3 0.0618699043989182 40.776944 -124.1775 8.2 2.91191637067317 188.680781269139 92.5686340332031 287.536071777344
"561" 2007-10-21 40.8 -124.3 0.071138933300972 40.776944 -124.1775 8.3 3.1523815427456 194.407658077359 79.8207702636719 286.243347167969
"562" 2007-11-20 40.8 -124.3 0.00964100658893585 40.776944 -124.1775 16.5 3.49157239807273 185.718967279413 76.9437408447266 283.938537597656
"563" 2007-11-29 40.8 -124.3 0.0264058411121368 40.776944 -124.1775 9 3.40750830051274 180.564514648622 81.2257080078125 284.299865722656
"564" 2007-12-08 40.8 -124.3 0.0350300520658493 40.776944 -124.1775 13 4.78455783347314 166.235354534561 82.0660705566406 282.327789306641
"565" 2008-02-15 40.8 -124.3 0.18373729288578 40.776944 -124.1775 18.9 3.33971513293693 257.184709398058 87.3178558349609 282.757598876953
"566" 2008-03-04 40.8 -124.3 0.0901605635881424 40.776944 -124.1775 6.3 3.31260610463437 184.756462606389 90.9112396240234 282.710510253906
"567" 2008-03-25 40.8 -124.3 0.109827026724815 40.776944 -124.1775 6.9 2.60752965312007 81.0694565911167 89.9811096191406 281.956939697266
"568" 2008-04-12 40.8 -124.3 -0.0578213334083557 40.776944 -124.1775 9.8 2.68487251815499 310.592980388153 79.9266052246094 284.499053955078
"569" 2008-04-18 40.8 -124.3 0.0999131947755814 40.776944 -124.1775 7.6 4.53542828802555 156.901088920045 90.9788131713867 282.238311767578
"570" 2008-04-30 40.8 -124.3 0.130138233304024 40.776944 -124.1775 4.5 4.09920444222978 146.924030772892 83.6462249755859 281.787506103516
"571" 2008-05-18 40.8 -124.3 0.071138933300972 40.776944 -124.1775 7.6 1.86818045231124 181.778758419682 90.4290542602539 284.258728027344
"572" 2008-05-30 40.8 -124.3 0.00964100658893585 40.776944 -124.1775 5.2 2.37345738584765 186.052752589705 93.1986999511719 283.190399169922
"573" 2008-06-11 40.8 -124.3 0.161814108490944 40.776944 -124.1775 6.7 4.90269606043567 182.1762647272 90.1023483276367 284.029510498047
"574" 2008-06-17 40.8 -124.3 0.0805691331624985 40.776944 -124.1775 4.4 4.62100493418847 169.689211074613 93.2894821166992 283.403717041016
"575" 2008-07-17 40.8 -124.3 0.109827026724815 40.776944 -124.1775 4.1 4.12813905704707 161.016063021602 93.0949172973633 285.263031005859
"576" 2008-07-23 40.8 -124.3 0.0805691331624985 40.776944 -124.1775 5.8 4.99747465923191 167.586116543466 92.9110641479492 284.9609375
"577" 2008-08-28 40.8 -124.3 0.043815478682518 40.776944 -124.1775 9 4.96519329717464 193.544207027988 92.3857574462891 288.147491455078
"578" 2008-09-03 40.8 -124.3 0.0618699043989182 40.776944 -124.1775 7 4.61363471447452 175.218722668815 92.6427688598633 286.774261474609
"579" 2008-09-21 40.8 -124.3 0.0618699043989182 40.776944 -124.1775 7.4 4.35324550236062 145.883620404865 96.5791549682617 286.363464355469
"580" 2008-10-09 40.8 -124.3 0.0999131947755814 40.776944 -124.1775 4.4 7.23373899324121 167.846202614889 78.9546890258789 286.709594726562
"581" 2008-10-12 40.8 -124.3 -0.0219542533159256 40.776944 -124.1775 10.5 4.48194797958257 182.77123469304 71.3692474365234 286.709747314453
"582" 2008-10-21 40.8 -124.3 -0.0180048495531082 40.776944 -124.1775 6.1 2.78909658201289 187.608717594166 90.3135681152344 285.837341308594
"583" 2008-11-29 40.8 -124.3 0.0618699043989182 40.776944 -124.1775 26 4.0480731117423 209.245870979169 92.9034271240234 285.210601806641
"584" 2008-12-08 40.8 -124.3 0.043815478682518 40.776944 -124.1775 10.8 4.21277347461715 173.385354224051 88.4678192138672 284.821746826172
"585" 2008-12-17 40.8 -124.3 0.0527621060609818 40.776944 -124.1775 26.5 2.60169040213755 221.693557017568 68.3875732421875 282.232757568359
"586" 2009-01-07 40.8 -124.3 0.290371358394623 40.776944 -124.1775 7 1.05002412259805 5.83892869462056 95.9332733154297 284.067352294922
"587" 2009-01-13 40.8 -124.3 0.0618699043989182 40.776944 -124.1775 18.7 3.61972606305877 274.708991699743 81.7112731933594 285.43798828125
"588" 2009-01-16 40.8 -124.3 -0.0294500589370728 40.776944 -124.1775 24.2 3.92997860025526 287.210745213077 46.3833618164062 289.5234375
"589" 2009-03-08 40.8 -124.3 0.0179428309202194 40.776944 -124.1775 5.4 5.23506419502488 165.757550615748 84.1449508666992 281.892578125
"590" 2009-03-11 40.8 -124.3 0.328817665576935 40.776944 -124.1775 10.3 3.26690949809504 181.231222614685 82.9114151000977 281.519775390625
"591" 2009-04-19 40.8 -124.3 0.161814108490944 40.776944 -124.1775 8.5 3.24585398705496 188.3259482924 92.5665054321289 282.924438476562
"592" 2009-05-19 40.8 -124.3 0.071138933300972 40.776944 -124.1775 3.9 4.19608289605297 152.209898604247 93.1539459228516 284.504913330078
"593" 2009-06-06 40.8 -124.3 0.27787834405899 40.776944 -124.1775 2.8 1.97614313265769 114.539397614867 94.2141876220703 285.082763671875
"594" 2009-06-30 40.8 -124.3 0.141261070966721 40.776944 -124.1775 10.5 3.60097378881335 188.235226311838 92.4776611328125 285.702911376953
"595" 2009-07-06 40.8 -124.3 -0.0294500589370728 40.776944 -124.1775 5.1 1.48340412937013 122.701246556159 93.2519302368164 285.078521728516
"596" 2009-07-12 40.8 -124.3 0.151094272732735 40.776944 -124.1775 2.2 3.56719135473109 140.273595284243 94.2741241455078 285.772430419922
"597" 2009-08-23 40.8 -124.3 0.00150038301944733 40.776944 -124.1775 7.7 4.85141758045262 154.991253281807 93.1592407226562 286.730346679688
"598" 2009-09-28 40.8 -124.3 0.145976170897484 40.776944 -124.1775 6.7 2.65268472307262 94.0329453348178 93.1354675292969 287.648590087891
"599" 2009-10-19 40.8 -124.3 0.0528426915407181 40.776944 -124.1775 3 3.07523173948598 31.0031684625495 94.4502334594727 286.446655273438
"600" 2009-11-06 40.8 -124.3 0.0805691331624985 40.776944 -124.1775 9.1 5.05291853442722 16.1317342877203 87.2051315307617 286.727844238281
"601" 2009-11-15 40.8 -124.3 0.0399063676595688 40.776944 -124.1775 16 1.77488225482141 213.739758809397 70.667839050293 285.269073486328
"602" 2009-11-18 40.8 -124.3 -0.00647903978824615 40.776944 -124.1775 8.8 1.56103961064882 40.7692143465635 77.2703857421875 284.507690429688
"603" 2009-11-24 40.8 -124.3 0.0264058411121368 40.776944 -124.1775 15.6 3.22482132159905 202.479563888338 89.0852966308594 285.84716796875
"604" 2006-02-19 40.9 -124.2 0.206305339932442 40.80178 -124.1621 18.9 2.06748707958696 194.796319520575 63.6186752319336 282.160522460938
"605" 2006-02-22 40.9 -124.2 0.0618699043989182 40.80178 -124.1621 12.2 3.76802070403302 201.825604270458 82.5880737304688 283.738922119141
"606" 2006-05-11 40.9 -124.2 0.497110784053802 40.80178 -124.1621 8.9 4.26975702053028 163.428803221558 93.2095260620117 283.839630126953
"607" 2006-05-29 40.9 -124.2 0.0979385077953339 40.80178 -124.1621 2.2 2.22363614472365 147.075927332826 91.6006469726562 284.355743408203
"608" 2006-08-09 40.9 -124.2 0.0350300520658493 40.80178 -124.1621 4.8 4.10922893470752 171.026782627884 95.0379257202148 286.873138427734
"609" 2006-08-15 40.9 -124.2 0.253375887870789 40.80178 -124.1621 2.7 4.40977727859582 152.462609527201 94.534553527832 286.666809082031
"610" 2006-09-20 40.9 -124.2 0.0805691331624985 40.80178 -124.1621 5.8 5.5001695155993 170.610786786594 93.2847671508789 285.858825683594
"611" 2006-10-02 40.9 -124.2 0.206305339932442 40.80178 -124.1621 12.6 2.06648269935692 86.7587648300998 93.2029037475586 286.673522949219
"612" 2006-10-08 40.9 -124.2 0.071138933300972 40.80178 -124.1621 9.3 3.81425824094619 196.311420213612 89.7098770141602 286.611297607422
"613" 2006-10-11 40.9 -124.2 -0.0578213334083557 40.80178 -124.1621 11.2 2.8543599171366 258.984512728057 77.6863555908203 287.481475830078
"614" 2006-12-01 40.9 -124.2 0.0264058411121368 40.80178 -124.1621 13.2 2.955199880403 192.404722304166 91.8573989868164 285.231781005859
"615" 2006-12-04 40.9 -124.2 0.18373729288578 40.80178 -124.1621 21.5 1.85059010522321 291.795818884955 92.6971588134766 285.216369628906
"616" 2006-12-07 40.9 -124.2 0.043815478682518 40.80178 -124.1621 35 3.03889824644404 335.304319127934 92.5015258789062 285.263061523438
"617" 2007-01-12 40.9 -124.2 0.497110784053802 40.80178 -124.1621 17.5 3.33108312882002 194.593711340409 61.0510749816895 280.944641113281
"618" 2007-01-15 40.9 -124.2 0.043815478682518 40.80178 -124.1621 33.8 2.98489286001169 306.811290291694 74.2737274169922 282.675537109375
"619" 2007-02-11 40.9 -124.2 0.482199788093567 40.80178 -124.1621 3.8 5.98743859829339 20.3743507773019 88.7445831298828 284.097442626953
"620" 2007-03-28 40.9 -124.2 0.341955482959747 40.80178 -124.1621 6.7 4.53155236276865 173.308875158822 76.3475341796875 282.828063964844
"621" 2007-05-18 40.9 -124.2 0.0805691331624985 40.80178 -124.1621 5.5 2.37770087739945 130.318147193007 93.1931076049805 283.009826660156
"622" 2007-08-10 40.9 -124.2 -0.0219542533159256 40.80178 -124.1621 4.5 4.43746282178621 158.959625383121 93.4451904296875 286.821960449219
"623" 2007-09-21 40.9 -124.2 0.172695115208626 40.80178 -124.1621 9.3 2.91191637067317 188.680781269139 92.5686340332031 287.536071777344
"624" 2007-10-21 40.9 -124.2 0.638564050197601 40.80178 -124.1621 8.4 3.1523815427456 194.407658077359 79.8207702636719 286.243347167969
"625" 2007-11-20 40.9 -124.2 0.161814108490944 40.80178 -124.1621 9.5 3.49157239807273 185.718967279413 76.9437408447266 283.938537597656
"626" 2007-11-29 40.9 -124.2 0.217831268906593 40.80178 -124.1621 7.5 3.40750830051274 180.564514648622 81.2257080078125 284.299865722656
"627" 2007-12-08 40.9 -124.2 0.161814108490944 40.80178 -124.1621 11.4 4.78455783347314 166.235354534561 82.0660705566406 282.327789306641
"628" 2008-03-04 40.9 -124.2 0.512183010578156 40.80178 -124.1621 6.3 3.31260610463437 184.756462606389 90.9112396240234 282.710510253906
"629" 2008-03-25 40.9 -124.2 0.194940730929375 40.80178 -124.1621 7.5 2.60752965312007 81.0694565911167 89.9811096191406 281.956939697266
"630" 2008-04-12 40.9 -124.2 -0.0219542533159256 40.80178 -124.1621 9.2 2.68487251815499 310.592980388153 79.9266052246094 284.499053955078
"631" 2008-04-18 40.9 -124.2 0.119902029633522 40.80178 -124.1621 6.9 4.53542828802555 156.901088920045 90.9788131713867 282.238311767578
"632" 2008-04-30 40.9 -124.2 0.558366894721985 40.80178 -124.1621 3.8 4.09920444222978 146.924030772892 83.6462249755859 281.787506103516
"633" 2008-05-30 40.9 -124.2 0.172695115208626 40.80178 -124.1621 5.2 2.37345738584765 186.052752589705 93.1986999511719 283.190399169922
"634" 2008-06-07 40.9 -124.2 0.413729876279831 40.80178 -124.1621 4.8 5.50711161694626 168.394361571758 88.3202362060547 283.950592041016
"635" 2008-06-11 40.9 -124.2 0.161814108490944 40.80178 -124.1621 7.4 4.90269606043567 182.1762647272 90.1023483276367 284.029510498047
"636" 2008-06-17 40.9 -124.2 0.0999131947755814 40.80178 -124.1621 4 4.62100493418847 169.689211074613 93.2894821166992 283.403717041016
"637" 2008-07-23 40.9 -124.2 0.194940730929375 40.80178 -124.1621 6 4.99747465923191 167.586116543466 92.9110641479492 284.9609375
"638" 2008-09-04 40.9 -124.2 0.136948928236961 40.80178 -124.1621 11.3 3.82543098934732 193.142932544974 92.8151473999023 286.798309326172
"639" 2008-10-12 40.9 -124.2 0.0264058411121368 40.80178 -124.1621 9.9 4.48194797958257 182.77123469304 71.3692474365234 286.709747314453
"640" 2008-10-21 40.9 -124.2 -0.0896583795547485 40.80178 -124.1621 6.3 2.78909658201289 187.608717594166 90.3135681152344 285.837341308594
"641" 2008-12-17 40.9 -124.2 0.172695115208626 40.80178 -124.1621 21.5 2.60169040213755 221.693557017568 68.3875732421875 282.232757568359
"642" 2009-01-13 40.9 -124.2 0.119902029633522 40.80178 -124.1621 23.2 3.61972606305877 274.708991699743 81.7112731933594 285.43798828125
"643" 2009-01-16 40.9 -124.2 0.151094272732735 40.80178 -124.1621 17.3 3.92997860025526 287.210745213077 46.3833618164062 289.5234375
"644" 2009-05-07 40.9 -124.2 0.18373729288578 40.80178 -124.1621 2.6 2.62880412606754 147.641154272384 94.7821578979492 284.002166748047
"645" 2009-05-19 40.9 -124.2 0.574083864688873 40.80178 -124.1621 4.1 4.19608289605297 152.209898604247 93.1539459228516 284.504913330078
"646" 2009-06-06 40.9 -124.2 0.315841019153595 40.80178 -124.1621 2.4 1.97614313265769 114.539397614867 94.2141876220703 285.082763671875
"647" 2009-06-12 40.9 -124.2 0.424167692661285 40.80178 -124.1621 5.1 2.48651655773147 145.879328383949 93.3043212890625 285.823028564453
"648" 2009-10-01 40.9 -124.2 -0.117465443909168 40.80178 -124.1621 5 4.12637243983028 179.745729089317 85.9234924316406 286.979187011719
"649" 2009-10-07 40.9 -124.2 0.119902029633522 40.80178 -124.1621 8.5 2.82945566431101 204.877504325246 92.7268142700195 286.2939453125
"650" 2009-10-19 40.9 -124.2 0.220934331417084 40.80178 -124.1621 3.8 3.07523173948598 31.0031684625495 94.4502334594727 286.446655273438
"651" 2009-11-06 40.9 -124.2 0.0805691331624985 40.80178 -124.1621 10.2 5.05291853442722 16.1317342877203 87.2051315307617 286.727844238281
"652" 2009-11-15 40.9 -124.2 0.167738199234009 40.80178 -124.1621 16.7 1.77488225482141 213.739758809397 70.667839050293 285.269073486328
"653" 2009-11-18 40.9 -124.2 -0.0142972469329834 40.80178 -124.1621 7.7 1.56103961064882 40.7692143465635 77.2703857421875 284.507690429688
"654" 2009-11-27 40.9 -124.2 0.229518249630928 40.80178 -124.1621 6 2.95305439793507 101.542730449906 88.6201171875 285.53076171875
