"date" "lat_pm" "long_pm" "pm" "lat_aot" "long_aot" "aot"
2000-01-31 21.303382 -157.871171 8.2 21.2 -157.9 0.043815478682518
2000-02-18 21.303382 -157.871171 3.5 21.2 -157.9 -0.00647903978824615
2000-03-13 21.303382 -157.871171 4.1 21.2 -157.9 0.071138933300972
2000-03-25 21.303382 -157.871171 4.2 21.2 -157.9 -0.0142972469329834
2000-04-18 21.303382 -157.871171 5.1 21.2 -157.9 0.140535667538643
2006-01-05 21.303382 -157.871171 2.6 21.2 -157.9 0.265546500682831
2006-01-17 21.303382 -157.871171 4.3 21.2 -157.9 0.0901605635881424
2006-01-29 21.303382 -157.871171 5.5 21.2 -157.9 0.0618699043989182
2006-02-22 21.303382 -157.871171 4.4 21.2 -157.9 0.0999131947755814
2006-04-17 21.303382 -157.871171 5.5 21.2 -157.9 0.217831268906593
2006-05-05 21.303382 -157.871171 9.9 21.2 -157.9 0.0805691331624985
2006-05-11 21.303382 -157.871171 4.1 21.2 -157.9 0.161814108490944
2006-05-29 21.303382 -157.871171 4.3 21.2 -157.9 0.130138233304024
2006-06-16 21.303382 -157.871171 4.3 21.2 -157.9 0.151094272732735
2006-07-04 21.303382 -157.871171 5.2 21.2 -157.9 0.482199788093567
2006-07-16 21.303382 -157.871171 4 21.2 -157.9 0.0527621060609818
2006-08-03 21.303382 -157.871171 1.8 21.2 -157.9 0.0901605635881424
2006-08-21 21.303382 -157.871171 6.2 21.2 -157.9 0.0901605635881424
2006-09-02 21.303382 -157.871171 4.7 21.2 -157.9 0.0528426915407181
2006-09-20 21.303382 -157.871171 5.4 21.2 -157.9 0.0901605635881424
2006-11-07 21.303382 -157.871171 3.4 21.2 -157.9 0.0999131947755814
2006-11-19 21.303382 -157.871171 4.4 21.2 -157.9 0.0350300520658493
2006-12-07 21.303382 -157.871171 4.1 21.2 -157.9 0.0527621060609818
2006-12-19 21.303382 -157.871171 2.6 21.2 -157.9 -0.0429102964699268
2006-12-31 21.303382 -157.871171 7.2 21.2 -157.9 0.0264058411121368
2007-01-18 21.303382 -157.871171 6.3 21.2 -157.9 -0.0439580827951431
2007-02-05 21.303382 -157.871171 6.8 21.2 -157.9 0.145976170897484
2007-02-23 21.303382 -157.871171 4.2 21.2 -157.9 0.140616253018379
2007-03-07 21.303382 -157.871171 9.4 21.2 -157.9 -0.0294500589370728
2007-03-25 21.303382 -157.871171 2.3 21.2 -157.9 0.130138233304024
2007-04-24 21.303382 -157.871171 6.4 21.2 -157.9 0.27787834405899
2007-06-11 21.303382 -157.871171 5.2 21.2 -157.9 0.151094272732735
2007-08-28 21.303382 -157.871171 3.1 21.2 -157.9 0.0618699043989182
2007-09-30 21.303382 -157.871171 6.4 21.2 -157.9 -0.0219542533159256
2007-11-14 21.303382 -157.871171 3 21.2 -157.9 0.043815478682518
2007-12-14 21.303382 -157.871171 7.4 21.2 -157.9 0.140535667538643
2008-01-19 21.303382 -157.871171 4.5 21.2 -157.9 0.071138933300972
2008-01-31 21.303382 -157.871171 7.3 21.2 -157.9 0.130138233304024
2008-02-18 21.303382 -157.871171 8.2 21.2 -157.9 0.109827026724815
2008-03-01 21.303382 -157.871171 6.5 21.2 -157.9 -0.0219542533159256
2008-03-25 21.303382 -157.871171 4.6 21.2 -157.9 0.0179428309202194
2008-04-18 21.303382 -157.871171 9.1 21.2 -157.9 0.206305339932442
2008-05-18 21.303382 -157.871171 8.2 21.2 -157.9 -0.0219542533159256
2008-07-05 21.303382 -157.871171 4.3 21.2 -157.9 0.0805691331624985
2008-07-11 21.303382 -157.871171 5.8 21.2 -157.9 0.043815478682518
2008-07-17 21.303382 -157.871171 6.4 21.2 -157.9 -0.0710397511720657
2008-08-04 21.303382 -157.871171 3.5 21.2 -157.9 0.00964100658893585
2008-08-10 21.303382 -157.871171 3.8 21.2 -157.9 0.140535667538643
2008-08-16 21.303382 -157.871171 6 21.2 -157.9 -0.0578213334083557
2008-08-22 21.303382 -157.871171 3.4 21.2 -157.9 0.130138233304024
2008-09-03 21.303382 -157.871171 3.4 21.2 -157.9 -0.00647903978824615
2008-10-09 21.303382 -157.871171 2.6 21.2 -157.9 0.0805691331624985
2008-10-21 21.303382 -157.871171 10.1 21.2 -157.9 0.0350300520658493
2008-12-29 21.303382 -157.871171 5.6 21.2 -157.9 0.140535667538643
2009-01-15 21.303382 -157.871171 5.3 21.2 -157.9 -0.0142972469329834
2009-01-20 21.303382 -157.871171 9 21.2 -157.9 0.0179428309202194
2009-01-24 21.303382 -157.871171 6.5 21.2 -157.9 0.0618699043989182
2009-01-30 21.303382 -157.871171 4.3 21.2 -157.9 0.140535667538643
2009-02-01 21.303382 -157.871171 7.7 21.2 -157.9 -0.0774071589112282
2009-02-07 21.303382 -157.871171 4.9 21.2 -157.9 0.0855260640382767
2009-02-09 21.303382 -157.871171 9.2 21.2 -157.9 0.00150038301944733
2009-02-10 21.303382 -157.871171 11 21.2 -157.9 -0.0255006588995457
2009-02-11 21.303382 -157.871171 7.3 21.2 -157.9 0.0805691331624985
2009-02-15 21.303382 -157.871171 6.6 21.2 -157.9 0.109827026724815
2009-02-16 21.303382 -157.871171 3.7 21.2 -157.9 0.151094272732735
2009-02-17 21.303382 -157.871171 5.7 21.2 -157.9 0.119902029633522
2009-02-23 21.303382 -157.871171 4.9 21.2 -157.9 0.0264058411121368
2009-02-28 21.303382 -157.871171 4.5 21.2 -157.9 0.161814108490944
2009-03-08 21.303382 -157.871171 5.8 21.2 -157.9 0.172695115208626
2009-03-12 21.303382 -157.871171 6.7 21.2 -157.9 -0.0219542533159256
2009-03-13 21.303382 -157.871171 3.8 21.2 -157.9 0.119902029633522
2009-03-19 21.303382 -157.871171 8.4 21.2 -157.9 0.161814108490944
2009-03-22 21.303382 -157.871171 8.6 21.2 -157.9 0.140535667538643
2009-03-25 21.303382 -157.871171 8 21.2 -157.9 0.0618699043989182
2009-03-26 21.303382 -157.871171 7.2 21.2 -157.9 0.162539482116699
2009-03-30 21.303382 -157.871171 6.6 21.2 -157.9 0.18373729288578
2009-04-03 21.303382 -157.871171 9.8 21.2 -157.9 0.229518249630928
2009-04-07 21.303382 -157.871171 10.7 21.2 -157.9 0.110552400350571
2009-04-12 21.303382 -157.871171 9.2 21.2 -157.9 0.140535667538643
2009-04-15 21.303382 -157.871171 6.2 21.2 -157.9 0.107973173260689
2009-04-19 21.303382 -157.871171 6.4 21.2 -157.9 0.071138933300972
2009-04-20 21.303382 -157.871171 7.7 21.2 -157.9 0.0527621060609818
2009-04-25 21.303382 -157.871171 7 21.2 -157.9 0.245315879583359
2009-04-29 21.303382 -157.871171 9.1 21.2 -157.9 0.140535667538643
2009-05-03 21.303382 -157.871171 8.5 21.2 -157.9 0.109827026724815
2009-05-04 21.303382 -157.871171 20.8 21.2 -157.9 0.189500227570534
2009-05-06 21.303382 -157.871171 9.2 21.2 -157.9 0.109383672475815
2009-05-08 21.303382 -157.871171 9 21.2 -157.9 0.194940730929375
2009-05-10 21.303382 -157.871171 4.5 21.2 -157.9 -0.0142972469329834
2009-05-12 21.303382 -157.871171 7.9 21.2 -157.9 0.206305339932442
2009-05-13 21.303382 -157.871171 6.6 21.2 -157.9 0.109827026724815
2009-05-14 21.303382 -157.871171 7.1 21.2 -157.9 0.139850586652756
2009-05-15 21.303382 -157.871171 8.4 21.2 -157.9 0.161814108490944
2009-05-16 21.303382 -157.871171 8.7 21.2 -157.9 0.00964100658893585
2009-05-17 21.303382 -157.871171 9.3 21.2 -157.9 0.130138233304024
2009-05-18 21.303382 -157.871171 6 21.2 -157.9 0.194940730929375
2009-05-22 21.303382 -157.871171 5.3 21.2 -157.9 0.0805691331624985
2009-05-23 21.303382 -157.871171 5.2 21.2 -157.9 0.0999131947755814
2009-05-25 21.303382 -157.871171 9 21.2 -157.9 -0.0896583795547485
2009-05-30 21.303382 -157.871171 7.2 21.2 -157.9 0.0805691331624985
2009-05-31 21.303382 -157.871171 4.5 21.2 -157.9 -0.0142972469329834
2009-06-01 21.303382 -157.871171 5.8 21.2 -157.9 0.043815478682518
2009-06-02 21.303382 -157.871171 5.8 21.2 -157.9 -0.0242513567209244
2009-06-03 21.303382 -157.871171 6.2 21.2 -157.9 0.0887500569224358
2009-06-07 21.303382 -157.871171 6.8 21.2 -157.9 0.189500227570534
2009-06-08 21.303382 -157.871171 4.5 21.2 -157.9 0.173057824373245
2009-06-09 21.303382 -157.871171 2.4 21.2 -157.9 0.0264058411121368
2009-06-11 21.303382 -157.871171 5.2 21.2 -157.9 0.0579204931855202
2009-06-12 21.303382 -157.871171 9 21.2 -157.9 0.0869768559932709
2009-06-13 21.303382 -157.871171 6.2 21.2 -157.9 0.18373729288578
2009-06-15 21.303382 -157.871171 5.6 21.2 -157.9 0.0264058411121368
2009-06-16 21.303382 -157.871171 6.7 21.2 -157.9 0.100638583302498
2009-06-17 21.303382 -157.871171 5.9 21.2 -157.9 0.161814108490944
2009-06-19 21.303382 -157.871171 5.6 21.2 -157.9 0.172695115208626
2009-06-20 21.303382 -157.871171 5.3 21.2 -157.9 0.0903217792510986
2009-06-21 21.303382 -157.871171 6 21.2 -157.9 0.0760152339935303
2009-06-22 21.303382 -157.871171 8.5 21.2 -157.9 0.328817665576935
2009-06-24 21.303382 -157.871171 6.2 21.2 -157.9 0.0855260640382767
2009-06-25 21.303382 -157.871171 6.8 21.2 -157.9 0.0597340166568756
2009-06-28 21.303382 -157.871171 2.7 21.2 -157.9 -0.0774071589112282
2009-06-29 21.303382 -157.871171 5.2 21.2 -157.9 0.12331410497427
2009-06-30 21.303382 -157.871171 4.5 21.2 -157.9 0.0805691331624985
2009-07-01 21.303382 -157.871171 4.7 21.2 -157.9 0.00964100658893585
2009-07-02 21.303382 -157.871171 4 21.2 -157.9 -0.0367846786975861
2009-07-03 21.303382 -157.871171 4.3 21.2 -157.9 0.0618699043989182
2009-07-09 21.303382 -157.871171 7 21.2 -157.9 0.159839406609535
2009-07-10 21.303382 -157.871171 4.5 21.2 -157.9 0.206305339932442
2009-07-11 21.303382 -157.871171 5 21.2 -157.9 0.105837300419807
2009-07-12 21.303382 -157.871171 5.7 21.2 -157.9 0.0999131947755814
2009-07-15 21.303382 -157.871171 4.7 21.2 -157.9 0.0618699043989182
2009-07-16 21.303382 -157.871171 4.1 21.2 -157.9 0.0611713714897633
2009-07-18 21.303382 -157.871171 6 21.2 -157.9 0.18373729288578
2009-07-19 21.303382 -157.871171 6.4 21.2 -157.9 0.253375887870789
2009-07-20 21.303382 -157.871171 4.7 21.2 -157.9 0.105071566998959
2009-07-24 21.303382 -157.871171 10.8 21.2 -157.9 0.0901605635881424
2009-07-28 21.303382 -157.871171 5.2 21.2 -157.9 0.077640675008297
2009-07-29 21.303382 -157.871171 4.8 21.2 -157.9 0.217831268906593
2009-07-30 21.303382 -157.871171 6.3 21.2 -157.9 0.130138233304024
2009-08-05 21.303382 -157.871171 8.2 21.2 -157.9 0.114864528179169
2009-08-06 21.303382 -157.871171 9.7 21.2 -157.9 0.0482887923717499
2009-08-07 21.303382 -157.871171 8.7 21.2 -157.9 0.140535667538643
2009-08-08 21.303382 -157.871171 5 21.2 -157.9 0.109827026724815
2009-08-09 21.303382 -157.871171 5.6 21.2 -157.9 0.0901605635881424
2009-08-10 21.303382 -157.871171 6.2 21.2 -157.9 -0.0294500589370728
2009-08-15 21.303382 -157.871171 9.3 21.2 -157.9 0.104870110750198
2009-08-16 21.303382 -157.871171 10.1 21.2 -157.9 0.0902411639690399
2009-08-17 21.303382 -157.871171 10 21.2 -157.9 0.101202785968781
2009-08-18 21.303382 -157.871171 8.6 21.2 -157.9 0.05731600522995
2009-08-19 21.303382 -157.871171 8.5 21.2 -157.9 0.0714613348245621
2009-08-22 21.303382 -157.871171 11 21.2 -157.9 0.0618699043989182
2009-08-23 21.303382 -157.871171 9.4 21.2 -157.9 0.0264058411121368
2009-08-24 21.303382 -157.871171 10 21.2 -157.9 0.0999131947755814
2009-08-25 21.303382 -157.871171 9.7 21.2 -157.9 0.0805691331624985
2009-08-26 21.303382 -157.871171 8 21.2 -157.9 0.0999937951564789
2009-08-27 21.303382 -157.871171 8.2 21.2 -157.9 0.196593075990677
2009-08-28 21.303382 -157.871171 9.7 21.2 -157.9 0.0995504781603813
2009-08-31 21.303382 -157.871171 8.3 21.2 -157.9 -0.0509703159332275
2009-09-01 21.303382 -157.871171 8.1 21.2 -157.9 0.0527621060609818
2009-09-02 21.303382 -157.871171 10.6 21.2 -157.9 0.0901605635881424
2009-09-03 21.303382 -157.871171 10.8 21.2 -157.9 0.0805691331624985
2009-09-04 21.303382 -157.871171 10.9 21.2 -157.9 -0.00647903978824615
2009-09-05 21.303382 -157.871171 9.8 21.2 -157.9 0.0996445119380951
2009-09-06 21.303382 -157.871171 9.3 21.2 -157.9 0.123824536800385
2009-09-10 21.303382 -157.871171 11.5 21.2 -157.9 0.217831268906593
2009-09-14 21.303382 -157.871171 9 21.2 -157.9 0.0179428309202194
2009-09-15 21.303382 -157.871171 7.7 21.2 -157.9 0.217105820775032
2009-09-16 21.303382 -157.871171 8.1 21.2 -157.9 -0.0668082311749458
2009-09-18 21.303382 -157.871171 12.4 21.2 -157.9 -0.0142972469329834
2009-09-19 21.303382 -157.871171 10.1 21.2 -157.9 0.0901605635881424
2009-09-22 21.303382 -157.871171 4.3 21.2 -157.9 -0.145514294505119
2009-09-23 21.303382 -157.871171 4.2 21.2 -157.9 0.125181347131729
2009-09-24 21.303382 -157.871171 4.8 21.2 -157.9 0.140616253018379
2009-09-25 21.303382 -157.871171 3.5 21.2 -157.9 0.181601464748383
2009-09-26 21.303382 -157.871171 6 21.2 -157.9 0.0618699043989182
2009-09-27 21.303382 -157.871171 6.5 21.2 -157.9 0.130138233304024
2009-10-05 21.303382 -157.871171 6.5 21.2 -157.9 0.0528426915407181
2009-10-06 21.303382 -157.871171 8.7 21.2 -157.9 -0.0832909643650055
2009-10-12 21.303382 -157.871171 3.7 21.2 -157.9 0.0999131947755814
2009-10-13 21.303382 -157.871171 2.8 21.2 -157.9 0.187686771154404
2009-10-14 21.303382 -157.871171 3 21.2 -157.9 0.043815478682518
2009-10-15 21.303382 -157.871171 3.4 21.2 -157.9 0.075854055583477
2009-10-16 21.303382 -157.871171 4.5 21.2 -157.9 -0.15357431769371
2009-10-23 21.303382 -157.871171 9.4 21.2 -157.9 0.172695115208626
2009-10-24 21.303382 -157.871171 9.7 21.2 -157.9 0.161814108490944
2009-10-25 21.303382 -157.871171 5.4 21.2 -157.9 0.214486300945282
2009-10-26 21.303382 -157.871171 6.5 21.2 -157.9 -0.0509703159332275
2009-10-31 21.303382 -157.871171 6 21.2 -157.9 0.0805691331624985
2009-11-01 21.303382 -157.871171 3.1 21.2 -157.9 0.0712195187807083
2009-11-02 21.303382 -157.871171 1.7 21.2 -157.9 0.150288283824921
2009-11-11 21.303382 -157.871171 4 21.2 -157.9 0.0618699043989182
2009-11-12 21.303382 -157.871171 6 21.2 -157.9 0.0403899699449539
2009-11-14 21.303382 -157.871171 8.3 21.2 -157.9 0.043815478682518
2009-11-19 21.303382 -157.871171 3 21.2 -157.9 0.119902029633522
2009-11-20 21.303382 -157.871171 5.5 21.2 -157.9 0.0999131947755814
2009-11-21 21.303382 -157.871171 3.5 21.2 -157.9 0.0855260640382767
2009-11-22 21.303382 -157.871171 2.8 21.2 -157.9 0.146943390369415
2009-11-23 21.303382 -157.871171 4.5 21.2 -157.9 -0.0142972469329834
2009-11-24 21.303382 -157.871171 5.1 21.2 -157.9 -0.0955421850085258
2009-11-29 21.303382 -157.871171 6.9 21.2 -157.9 0.119902029633522
2009-12-01 21.303382 -157.871171 2.4 21.2 -157.9 0.109827026724815
2009-12-02 21.303382 -157.871171 5.7 21.2 -157.9 -0.0756742581725121
2009-12-03 21.303382 -157.871171 5.5 21.2 -157.9 -0.0774071589112282
2009-12-09 21.303382 -157.871171 12 21.2 -157.9 0.0527621060609818
2009-12-10 21.303382 -157.871171 8.6 21.2 -157.9 0.00964100658893585
2009-12-11 21.303382 -157.871171 6.5 21.2 -157.9 -0.0287246704101562
2009-12-12 21.303382 -157.871171 7.4 21.2 -157.9 0.0350300520658493
2009-12-13 21.303382 -157.871171 6.7 21.2 -157.9 0.622202157974243
2009-12-14 21.303382 -157.871171 7.1 21.2 -157.9 -0.173885554075241
2009-12-18 21.303382 -157.871171 6.8 21.2 -157.9 0.071138933300972
2009-12-19 21.303382 -157.871171 5.7 21.2 -157.9 0.130138233304024
2009-12-21 21.303382 -157.871171 9 21.2 -157.9 0.0331359431147575
2009-12-22 21.303382 -157.871171 6 21.2 -157.9 -0.0142972469329834
2009-12-27 21.303382 -157.871171 11 21.2 -157.9 0.043815478682518
2009-12-28 21.303382 -157.871171 10.1 21.2 -157.9 0.0264058411121368
2000-01-30 21.392833 -157.969126 2.5 21.3 -158 0.0527621060609818
2000-01-31 21.392833 -157.969126 6.1 21.3 -158 0.043815478682518
2000-02-08 21.392833 -157.969126 6.2 21.3 -158 0.071138933300972
2000-02-09 21.392833 -157.969126 7.7 21.3 -158 0.071138933300972
2000-02-16 21.392833 -157.969126 11.3 21.3 -158 0.119902029633522
2000-02-17 21.392833 -157.969126 5 21.3 -158 0.0999131947755814
2000-02-18 21.392833 -157.969126 2.7 21.3 -158 -0.0439580827951431
2000-03-03 21.392833 -157.969126 4.7 21.3 -158 0.0527621060609818
2000-03-04 21.392833 -157.969126 4.3 21.3 -158 0.119902029633522
2000-03-05 21.392833 -157.969126 6 21.3 -158 0.109827026724815
2000-03-13 21.392833 -157.969126 2.2 21.3 -158 0.0805691331624985
2000-03-14 21.392833 -157.969126 4.9 21.3 -158 0.0999131947755814
2000-03-21 21.392833 -157.969126 6.3 21.3 -158 0.0999131947755814
2000-03-22 21.392833 -157.969126 8.1 21.3 -158 0.151094272732735
2000-04-07 21.392833 -157.969126 4 21.3 -158 0.0901605635881424
2000-04-10 21.392833 -157.969126 3 21.3 -158 0.119902029633522
2006-01-29 21.392833 -157.969126 3 21.3 -158 0.00150038301944733
2006-02-04 21.392833 -157.969126 1.1 21.3 -158 0.172695115208626
2006-04-17 21.392833 -157.969126 4.1 21.3 -158 0.140535667538643
2006-05-14 21.392833 -157.969126 4.7 21.3 -158 0.151094272732735
2006-05-20 21.392833 -157.969126 2.4 21.3 -158 0.341955482959747
2006-05-26 21.392833 -157.969126 4.3 21.3 -158 -0.0509703159332275
2006-06-13 21.392833 -157.969126 3.6 21.3 -158 0.109827026724815
2006-08-03 21.392833 -157.969126 2.7 21.3 -158 0.396118760108948
2006-09-11 21.392833 -157.969126 2.2 21.3 -158 0.0901605635881424
2006-10-29 21.392833 -157.969126 2.4 21.3 -158 0.119902029633522
2006-11-28 21.392833 -157.969126 4.4 21.3 -158 0.151094272732735
2007-01-15 21.392833 -157.969126 4.4 21.3 -158 0.119902029633522
2007-01-18 21.392833 -157.969126 3.6 21.3 -158 0.0999131947755814
2007-01-27 21.392833 -157.969126 4.7 21.3 -158 0.109827026724815
2007-02-05 21.392833 -157.969126 6.1 21.3 -158 0.206305339932442
2007-02-14 21.392833 -157.969126 4.4 21.3 -158 0.0999131947755814
2007-03-07 21.392833 -157.969126 9.2 21.3 -158 -0.0142972469329834
2007-04-15 21.392833 -157.969126 3.2 21.3 -158 0.396118760108948
2007-04-24 21.392833 -157.969126 4.5 21.3 -158 0.241366490721703
2007-06-20 21.392833 -157.969126 3 21.3 -158 0.0618699043989182
2007-09-26 21.392833 -157.969126 2.7 21.3 -158 0.0999131947755814
2007-09-27 21.392833 -157.969126 2.3 21.3 -158 0.119902029633522
2007-10-24 21.392833 -157.969126 3.1 21.3 -158 0.18373729288578
2007-11-14 21.392833 -157.969126 2.5 21.3 -158 0.27787834405899
2007-11-23 21.392833 -157.969126 3.1 21.3 -158 0.0618699043989182
2007-12-23 21.392833 -157.969126 3.8 21.3 -158 0.194940730929375
2008-03-10 21.392833 -157.969126 11.7 21.3 -158 0.368714690208435
2008-03-25 21.392833 -157.969126 4 21.3 -158 0.0527621060609818
2008-04-03 21.392833 -157.969126 6.1 21.3 -158 0.194940730929375
2008-06-26 21.392833 -157.969126 3.8 21.3 -158 0.253375887870789
2008-07-05 21.392833 -157.969126 3.8 21.3 -158 -0.0294500589370728
2008-07-17 21.392833 -157.969126 4.7 21.3 -158 0.0618699043989182
2008-08-16 21.392833 -157.969126 2.4 21.3 -158 -0.0142972469329834
2008-08-19 21.392833 -157.969126 2 21.3 -158 0.109827026724815
2008-09-18 21.392833 -157.969126 2.8 21.3 -158 0.0527621060609818
2008-10-03 21.392833 -157.969126 2.9 21.3 -158 0.303025603294373
2008-10-06 21.392833 -157.969126 2.1 21.3 -158 0.303025603294373
2008-10-24 21.392833 -157.969126 3.6 21.3 -158 0.0999131947755814
2009-01-10 21.392833 -157.969126 6.2 21.3 -158 0.0999131947755814
2009-01-20 21.392833 -157.969126 6 21.3 -158 0.043815478682518
2009-02-07 21.392833 -157.969126 4.3 21.3 -158 0.0999131947755814
2009-02-10 21.392833 -157.969126 6.2 21.3 -158 -0.0645111352205276
2009-02-14 21.392833 -157.969126 3.9 21.3 -158 0.253375887870789
2009-02-15 21.392833 -157.969126 5.7 21.3 -158 0.161814108490944
2009-02-17 21.392833 -157.969126 5.4 21.3 -158 0.290371358394623
2009-02-18 21.392833 -157.969126 2 21.3 -158 0.315841019153595
2009-02-27 21.392833 -157.969126 2.5 21.3 -158 0.265546500682831
2009-04-07 21.392833 -157.969126 6 21.3 -158 0.194940730929375
2009-04-15 21.392833 -157.969126 5.2 21.3 -158 0.0179428309202194
2009-05-13 21.392833 -157.969126 8.5 21.3 -158 0.303025603294373
2009-05-22 21.392833 -157.969126 7.7 21.3 -158 0.119902029633522
2009-05-25 21.392833 -157.969126 6.4 21.3 -158 0.0805691331624985
2009-06-02 21.392833 -157.969126 6.5 21.3 -158 0.27787834405899
2009-06-03 21.392833 -157.969126 5.4 21.3 -158 0.0805691331624985
2009-06-09 21.392833 -157.969126 2.5 21.3 -158 0.512183010578156
2009-06-12 21.392833 -157.969126 9 21.3 -158 0.109827026724815
2009-06-22 21.392833 -157.969126 7.2 21.3 -158 0.290371358394623
2009-06-25 21.392833 -157.969126 5.3 21.3 -158 0.265546500682831
2009-06-28 21.392833 -157.969126 3 21.3 -158 0.574083864688873
2009-06-29 21.392833 -157.969126 5.5 21.3 -158 0.0805691331624985
2009-07-02 21.392833 -157.969126 4 21.3 -158 -0.00647903978824615
2009-07-11 21.392833 -157.969126 2.6 21.3 -158 0.151094272732735
2009-07-16 21.392833 -157.969126 3.1 21.3 -158 0.206305339932442
2009-07-20 21.392833 -157.969126 2.8 21.3 -158 0.0527621060609818
2009-08-06 21.392833 -157.969126 6.2 21.3 -158 0.152142077684402
2009-08-08 21.392833 -157.969126 3.8 21.3 -158 0.194940730929375
2009-08-09 21.392833 -157.969126 3.3 21.3 -158 0.109827026724815
2009-08-10 21.392833 -157.969126 3.4 21.3 -158 -0.0142972469329834
2009-08-17 21.392833 -157.969126 5.2 21.3 -158 0.125020131468773
2009-08-18 21.392833 -157.969126 2 21.3 -158 0.194940730929375
2009-08-19 21.392833 -157.969126 2 21.3 -158 0.0618699043989182
2009-08-22 21.392833 -157.969126 4.3 21.3 -158 0.043815478682518
2009-08-25 21.392833 -157.969126 5.3 21.3 -158 0.0999131947755814
2009-08-26 21.392833 -157.969126 3.1 21.3 -158 0.172695115208626
2009-08-31 21.392833 -157.969126 3.5 21.3 -158 -0.0578213334083557
2009-09-02 21.392833 -157.969126 3.8 21.3 -158 0.0999131947755814
2009-09-04 21.392833 -157.969126 4.8 21.3 -158 0.0618699043989182
2009-09-05 21.392833 -157.969126 4.3 21.3 -158 0.272075116634369
2009-09-10 21.392833 -157.969126 3.4 21.3 -158 0.229518249630928
2009-09-14 21.392833 -157.969126 3.4 21.3 -158 0.0901605635881424
2009-09-15 21.392833 -157.969126 2 21.3 -158 0.0618699043989182
2009-09-16 21.392833 -157.969126 2 21.3 -158 0.00633639469742775
2009-09-22 21.392833 -157.969126 3.3 21.3 -158 -0.157362520694733
2009-09-26 21.392833 -157.969126 4 21.3 -158 0.303025603294373
2009-09-27 21.392833 -157.969126 3.2 21.3 -158 0.130138233304024
2009-10-15 21.392833 -157.969126 2.6 21.3 -158 0.115025714039803
2009-10-25 21.392833 -157.969126 2.9 21.3 -158 0.147064298391342
2009-10-31 21.392833 -157.969126 3.5 21.3 -158 0.0901605635881424
2009-11-02 21.392833 -157.969126 1.4 21.3 -158 0.109827026724815
2009-11-20 21.392833 -157.969126 5.6 21.3 -158 0.109827026724815
2009-11-21 21.392833 -157.969126 5 21.3 -158 0.0999131947755814
2009-11-22 21.392833 -157.969126 3.6 21.3 -158 0.0631192103028297
2009-11-23 21.392833 -157.969126 3 21.3 -158 0.0618699043989182
2009-11-30 21.392833 -157.969126 6.8 21.3 -158 0.18373729288578
2009-12-01 21.392833 -157.969126 2.7 21.3 -158 0.0805691331624985
2009-12-02 21.392833 -157.969126 3.4 21.3 -158 0.0307179465889931
2009-12-03 21.392833 -157.969126 4.9 21.3 -158 -0.0219542533159256
2009-12-09 21.392833 -157.969126 9.7 21.3 -158 0.0618699043989182
2009-12-10 21.392833 -157.969126 5.7 21.3 -158 0.043815478682518
2009-12-11 21.392833 -157.969126 6.1 21.3 -158 0.0116560235619545
2009-12-12 21.392833 -157.969126 6.4 21.3 -158 0.0805691331624985
2009-12-14 21.392833 -157.969126 7.6 21.3 -158 0.0805691331624985
2009-12-22 21.392833 -157.969126 4.2 21.3 -158 0.0179428309202194
2009-12-23 21.392833 -157.969126 4.7 21.3 -158 -0.0294500589370728
2009-12-24 21.392833 -157.969126 4.7 21.3 -158 -0.191939979791641
2009-12-27 21.392833 -157.969126 9 21.3 -158 0.0618699043989182
2000-03-04 21.323745 -158.088613 4.6 21.3 -158 0.119902029633522
2006-01-04 21.323745 -158.088613 4 21.3 -158 0.0999131947755814
2006-01-29 21.323745 -158.088613 3.8 21.3 -158 0.00150038301944733
2006-02-04 21.323745 -158.088613 3.8 21.3 -158 0.172695115208626
2006-02-22 21.323745 -158.088613 4 21.3 -158 0.119902029633522
2006-04-17 21.323745 -158.088613 5 21.3 -158 0.140535667538643
2006-05-14 21.323745 -158.088613 4.3 21.3 -158 0.151094272732735
2006-05-20 21.323745 -158.088613 2.9 21.3 -158 0.341955482959747
2006-05-26 21.323745 -158.088613 5.3 21.3 -158 -0.0509703159332275
2006-06-13 21.323745 -158.088613 5 21.3 -158 0.109827026724815
2006-08-03 21.323745 -158.088613 2.8 21.3 -158 0.396118760108948
2006-09-11 21.323745 -158.088613 2.4 21.3 -158 0.0901605635881424
2006-10-29 21.323745 -158.088613 2.5 21.3 -158 0.119902029633522
2006-11-28 21.323745 -158.088613 4.1 21.3 -158 0.151094272732735
2007-01-15 21.323745 -158.088613 3.9 21.3 -158 0.119902029633522
2007-01-18 21.323745 -158.088613 2.6 21.3 -158 0.0999131947755814
2007-01-27 21.323745 -158.088613 8.2 21.3 -158 0.109827026724815
2007-02-05 21.323745 -158.088613 6.1 21.3 -158 0.206305339932442
2007-02-14 21.323745 -158.088613 4.9 21.3 -158 0.0999131947755814
2007-03-07 21.323745 -158.088613 7.7 21.3 -158 -0.0142972469329834
2007-04-15 21.323745 -158.088613 5.6 21.3 -158 0.396118760108948
2007-04-24 21.323745 -158.088613 3.8 21.3 -158 0.241366490721703
2007-06-20 21.323745 -158.088613 2.9 21.3 -158 0.0618699043989182
2007-09-27 21.323745 -158.088613 2.7 21.3 -158 0.119902029633522
2007-10-24 21.323745 -158.088613 2.7 21.3 -158 0.18373729288578
2007-12-23 21.323745 -158.088613 2.7 21.3 -158 0.194940730929375
2008-03-10 21.323745 -158.088613 6.6 21.3 -158 0.368714690208435
2008-03-25 21.323745 -158.088613 4.6 21.3 -158 0.0527621060609818
2008-04-03 21.323745 -158.088613 6.6 21.3 -158 0.194940730929375
2008-06-26 21.323745 -158.088613 3.2 21.3 -158 0.253375887870789
2008-07-05 21.323745 -158.088613 2.4 21.3 -158 -0.0294500589370728
2008-07-17 21.323745 -158.088613 5.4 21.3 -158 0.0618699043989182
2008-08-19 21.323745 -158.088613 1.9 21.3 -158 0.109827026724815
2008-09-18 21.323745 -158.088613 3.9 21.3 -158 0.0527621060609818
2008-10-03 21.323745 -158.088613 6.3 21.3 -158 0.303025603294373
2008-10-06 21.323745 -158.088613 4.3 21.3 -158 0.303025603294373
2008-10-24 21.323745 -158.088613 3.8 21.3 -158 0.0999131947755814
2009-01-10 21.323745 -158.088613 4 21.3 -158 0.0999131947755814
2009-01-20 21.323745 -158.088613 8.6 21.3 -158 0.043815478682518
2009-02-07 21.323745 -158.088613 5.2 21.3 -158 0.0999131947755814
2009-02-10 21.323745 -158.088613 7.4 21.3 -158 -0.0645111352205276
2009-02-14 21.323745 -158.088613 5.7 21.3 -158 0.253375887870789
2009-02-15 21.323745 -158.088613 6.7 21.3 -158 0.161814108490944
2009-02-17 21.323745 -158.088613 7.1 21.3 -158 0.290371358394623
2009-02-18 21.323745 -158.088613 3.6 21.3 -158 0.315841019153595
2009-02-27 21.323745 -158.088613 5.4 21.3 -158 0.265546500682831
2009-04-07 21.323745 -158.088613 5.7 21.3 -158 0.194940730929375
2009-04-15 21.323745 -158.088613 4.1 21.3 -158 0.0179428309202194
2009-05-13 21.323745 -158.088613 7.7 21.3 -158 0.303025603294373
2009-05-22 21.323745 -158.088613 6.5 21.3 -158 0.119902029633522
2009-05-25 21.323745 -158.088613 5.7 21.3 -158 0.0805691331624985
2009-06-02 21.323745 -158.088613 4.8 21.3 -158 0.27787834405899
2009-06-03 21.323745 -158.088613 5.2 21.3 -158 0.0805691331624985
2009-06-09 21.323745 -158.088613 3.7 21.3 -158 0.512183010578156
2009-06-12 21.323745 -158.088613 10 21.3 -158 0.109827026724815
2009-06-22 21.323745 -158.088613 7.7 21.3 -158 0.290371358394623
2009-06-25 21.323745 -158.088613 5.8 21.3 -158 0.265546500682831
2009-06-28 21.323745 -158.088613 3.3 21.3 -158 0.574083864688873
2009-06-29 21.323745 -158.088613 5.6 21.3 -158 0.0805691331624985
2009-07-02 21.323745 -158.088613 2.5 21.3 -158 -0.00647903978824615
2009-07-11 21.323745 -158.088613 2.7 21.3 -158 0.151094272732735
2009-07-16 21.323745 -158.088613 2.5 21.3 -158 0.206305339932442
2009-07-20 21.323745 -158.088613 5 21.3 -158 0.0527621060609818
2009-08-06 21.323745 -158.088613 6.4 21.3 -158 0.152142077684402
2009-08-08 21.323745 -158.088613 4.5 21.3 -158 0.194940730929375
2009-08-09 21.323745 -158.088613 4 21.3 -158 0.109827026724815
2009-08-10 21.323745 -158.088613 3.2 21.3 -158 -0.0142972469329834
2009-08-17 21.323745 -158.088613 4.8 21.3 -158 0.125020131468773
2009-08-18 21.323745 -158.088613 3.4 21.3 -158 0.194940730929375
2009-08-19 21.323745 -158.088613 1.2 21.3 -158 0.0618699043989182
2009-08-22 21.323745 -158.088613 4.2 21.3 -158 0.043815478682518
2009-08-25 21.323745 -158.088613 5.2 21.3 -158 0.0999131947755814
2009-08-26 21.323745 -158.088613 4 21.3 -158 0.172695115208626
2009-08-31 21.323745 -158.088613 3.9 21.3 -158 -0.0578213334083557
2009-09-02 21.323745 -158.088613 3.8 21.3 -158 0.0999131947755814
2009-09-04 21.323745 -158.088613 7.1 21.3 -158 0.0618699043989182
2009-09-05 21.323745 -158.088613 5.4 21.3 -158 0.272075116634369
2009-09-10 21.323745 -158.088613 4.6 21.3 -158 0.229518249630928
2009-09-14 21.323745 -158.088613 5.2 21.3 -158 0.0901605635881424
2009-09-15 21.323745 -158.088613 4 21.3 -158 0.0618699043989182
2009-09-16 21.323745 -158.088613 4.8 21.3 -158 0.00633639469742775
2009-09-22 21.323745 -158.088613 5.2 21.3 -158 -0.157362520694733
2009-09-26 21.323745 -158.088613 4.7 21.3 -158 0.303025603294373
2009-09-27 21.323745 -158.088613 4.8 21.3 -158 0.130138233304024
2009-10-15 21.323745 -158.088613 4.3 21.3 -158 0.115025714039803
2009-10-25 21.323745 -158.088613 2.9 21.3 -158 0.147064298391342
2009-10-31 21.323745 -158.088613 3.4 21.3 -158 0.0901605635881424
2009-11-02 21.323745 -158.088613 2.4 21.3 -158 0.109827026724815
2009-11-20 21.323745 -158.088613 7 21.3 -158 0.109827026724815
2009-11-21 21.323745 -158.088613 6.4 21.3 -158 0.0999131947755814
2009-11-22 21.323745 -158.088613 4.8 21.3 -158 0.0631192103028297
2009-11-23 21.323745 -158.088613 5.2 21.3 -158 0.0618699043989182
2009-11-30 21.323745 -158.088613 6.7 21.3 -158 0.18373729288578
2009-12-01 21.323745 -158.088613 5.4 21.3 -158 0.0805691331624985
2009-12-02 21.323745 -158.088613 6.5 21.3 -158 0.0307179465889931
2009-12-03 21.323745 -158.088613 6.5 21.3 -158 -0.0219542533159256
2009-12-09 21.323745 -158.088613 11.2 21.3 -158 0.0618699043989182
2009-12-10 21.323745 -158.088613 8.9 21.3 -158 0.043815478682518
2009-12-11 21.323745 -158.088613 8.6 21.3 -158 0.0116560235619545
2009-12-12 21.323745 -158.088613 8.9 21.3 -158 0.0805691331624985
2009-12-14 21.323745 -158.088613 13 21.3 -158 0.0805691331624985
2009-12-22 21.323745 -158.088613 5.4 21.3 -158 0.0179428309202194
2009-12-23 21.323745 -158.088613 7.2 21.3 -158 -0.0294500589370728
2009-12-24 21.323745 -158.088613 4.7 21.3 -158 -0.191939979791641
2009-12-27 21.323745 -158.088613 9.7 21.3 -158 0.0618699043989182
2000-01-22 21.30758 -157.85542 3.7 21.2 -157.9 0.253375887870789
2000-01-23 21.30758 -157.85542 1.9 21.2 -157.9 0.0179428309202194
2000-01-30 21.30758 -157.85542 2.9 21.2 -157.9 0.071138933300972
2000-01-31 21.30758 -157.85542 6.2 21.2 -157.9 0.043815478682518
2000-02-07 21.30758 -157.85542 9.8 21.2 -157.9 0.0805691331624985
2000-02-08 21.30758 -157.85542 8.9 21.2 -157.9 0.071138933300972
2000-02-09 21.30758 -157.85542 7.5 21.2 -157.9 0.071138933300972
2000-02-16 21.30758 -157.85542 13.1 21.2 -157.9 0.0805691331624985
2000-02-17 21.30758 -157.85542 6.6 21.2 -157.9 0.161814108490944
2000-02-18 21.30758 -157.85542 2.4 21.2 -157.9 -0.00647903978824615
2000-03-05 21.30758 -157.85542 5.5 21.2 -157.9 0.0999131947755814
2000-03-13 21.30758 -157.85542 2.8 21.2 -157.9 0.071138933300972
2000-03-14 21.30758 -157.85542 5.6 21.2 -157.9 0.0805691331624985
2000-03-21 21.30758 -157.85542 7.1 21.2 -157.9 0.0901605635881424
2000-03-22 21.30758 -157.85542 8.1 21.2 -157.9 0.172695115208626
2000-03-23 21.30758 -157.85542 4.2 21.2 -157.9 0.303025603294373
2000-03-25 21.30758 -157.85542 2.6 21.2 -157.9 -0.0142972469329834
2000-04-01 21.30758 -157.85542 2.8 21.2 -157.9 0.206305339932442
2000-04-10 21.30758 -157.85542 3.3 21.2 -157.9 0.161814108490944
2000-04-18 21.30758 -157.85542 4.6 21.2 -157.9 0.140535667538643
2000-04-25 21.30758 -157.85542 6.7 21.2 -157.9 0.071138933300972
2000-04-26 21.30758 -157.85542 3.1 21.2 -157.9 0.115348115563393
2006-07-25 21.30758 -157.85542 3.3 21.2 -157.9 0.0999131947755814
2006-08-03 21.30758 -157.85542 4.6 21.2 -157.9 0.0901605635881424
2006-08-15 21.30758 -157.85542 3.1 21.2 -157.9 0.206305339932442
2006-08-21 21.30758 -157.85542 3 21.2 -157.9 0.0901605635881424
2006-08-24 21.30758 -157.85542 2.8 21.2 -157.9 0.0805691331624985
2006-09-02 21.30758 -157.85542 1.6 21.2 -157.9 0.0528426915407181
2006-09-20 21.30758 -157.85542 4 21.2 -157.9 0.0901605635881424
2006-09-29 21.30758 -157.85542 3.3 21.2 -157.9 0.161814108490944
2006-10-29 21.30758 -157.85542 2 21.2 -157.9 0.0901605635881424
2006-11-07 21.30758 -157.85542 2.8 21.2 -157.9 0.0999131947755814
2006-11-10 21.30758 -157.85542 1.8 21.2 -157.9 -0.0219542533159256
2006-11-19 21.30758 -157.85542 0.6 21.2 -157.9 0.0350300520658493
2006-11-28 21.30758 -157.85542 4.4 21.2 -157.9 0.0808915495872498
2006-12-07 21.30758 -157.85542 3.2 21.2 -157.9 0.0527621060609818
2006-12-19 21.30758 -157.85542 3 21.2 -157.9 -0.0429102964699268
2006-12-28 21.30758 -157.85542 2.6 21.2 -157.9 0.0527621060609818
2006-12-31 21.30758 -157.85542 9.9 21.2 -157.9 0.0264058411121368
2007-01-15 21.30758 -157.85542 3.7 21.2 -157.9 0.0665044188499451
2007-01-18 21.30758 -157.85542 3.1 21.2 -157.9 -0.0439580827951431
2007-01-27 21.30758 -157.85542 5.4 21.2 -157.9 0.0162099227309227
2007-02-05 21.30758 -157.85542 7.4 21.2 -157.9 0.145976170897484
2007-02-23 21.30758 -157.85542 2.8 21.2 -157.9 0.140616253018379
2007-03-07 21.30758 -157.85542 7.8 21.2 -157.9 -0.0294500589370728
2007-03-25 21.30758 -157.85542 3.7 21.2 -157.9 0.130138233304024
2007-04-15 21.30758 -157.85542 4.4 21.2 -157.9 0.253375887870789
2007-04-24 21.30758 -157.85542 5.1 21.2 -157.9 0.27787834405899
2007-05-03 21.30758 -157.85542 7.5 21.2 -157.9 0.194940730929375
2007-06-02 21.30758 -157.85542 3.1 21.2 -157.9 0.00150038301944733
2007-06-11 21.30758 -157.85542 4.5 21.2 -157.9 0.151094272732735
2007-06-20 21.30758 -157.85542 2.8 21.2 -157.9 0.071138933300972
2007-08-28 21.30758 -157.85542 3.2 21.2 -157.9 0.0618699043989182
2007-09-06 21.30758 -157.85542 3.7 21.2 -157.9 0.140535667538643
2007-09-30 21.30758 -157.85542 3.2 21.2 -157.9 -0.0219542533159256
2007-10-24 21.30758 -157.85542 2.7 21.2 -157.9 0.0805691331624985
2007-11-14 21.30758 -157.85542 2.6 21.2 -157.9 0.043815478682518
2007-11-23 21.30758 -157.85542 3.2 21.2 -157.9 0.0618699043989182
2007-12-14 21.30758 -157.85542 3.4 21.2 -157.9 0.140535667538643
2007-12-23 21.30758 -157.85542 3.9 21.2 -157.9 0.071138933300972
2008-01-10 21.30758 -157.85542 7.8 21.2 -157.9 0.119902029633522
2008-01-19 21.30758 -157.85542 4.3 21.2 -157.9 0.071138933300972
2008-01-22 21.30758 -157.85542 4.3 21.2 -157.9 0.0527621060609818
2008-01-31 21.30758 -157.85542 3.7 21.2 -157.9 0.130138233304024
2008-02-09 21.30758 -157.85542 2.7 21.2 -157.9 0.0619505196809769
2008-02-18 21.30758 -157.85542 7.4 21.2 -157.9 0.109827026724815
2008-02-27 21.30758 -157.85542 7.7 21.2 -157.9 0.0904829800128937
2008-03-01 21.30758 -157.85542 5.1 21.2 -157.9 -0.0219542533159256
2008-03-10 21.30758 -157.85542 9.8 21.2 -157.9 0.229518249630928
2008-03-25 21.30758 -157.85542 3.4 21.2 -157.9 0.0179428309202194
2008-03-28 21.30758 -157.85542 4.3 21.2 -157.9 0.194940730929375
2008-04-03 21.30758 -157.85542 6.7 21.2 -157.9 0.00964100658893585
2008-04-15 21.30758 -157.85542 7.2 21.2 -157.9 0.217831268906593
2008-04-18 21.30758 -157.85542 7.7 21.2 -157.9 0.206305339932442
2008-05-15 21.30758 -157.85542 34.1 21.2 -157.9 0.482199788093567
2008-05-18 21.30758 -157.85542 8.1 21.2 -157.9 -0.0219542533159256
2008-05-27 21.30758 -157.85542 3.5 21.2 -157.9 0.0618699043989182
2008-06-02 21.30758 -157.85542 4.5 21.2 -157.9 0.382336139678955
2008-06-08 21.30758 -157.85542 5.6 21.2 -157.9 0.0618699043989182
2008-06-14 21.30758 -157.85542 3.3 21.2 -157.9 0.0331359431147575
2008-06-26 21.30758 -157.85542 3.3 21.2 -157.9 -0.018918314948678
2008-07-05 21.30758 -157.85542 1.7 21.2 -157.9 0.0805691331624985
2008-07-17 21.30758 -157.85542 5.5 21.2 -157.9 -0.0710397511720657
2008-07-26 21.30758 -157.85542 3.7 21.2 -157.9 0.0901605635881424
2008-08-01 21.30758 -157.85542 2.2 21.2 -157.9 0.0618699043989182
2008-08-04 21.30758 -157.85542 0 21.2 -157.9 0.00964100658893585
2008-08-10 21.30758 -157.85542 3.9 21.2 -157.9 0.140535667538643
2008-08-13 21.30758 -157.85542 3.8 21.2 -157.9 0.0999131947755814
2008-08-16 21.30758 -157.85542 2.9 21.2 -157.9 -0.0578213334083557
2008-08-19 21.30758 -157.85542 2.4 21.2 -157.9 0.071138933300972
2008-08-22 21.30758 -157.85542 3 21.2 -157.9 0.130138233304024
2008-08-31 21.30758 -157.85542 2.4 21.2 -157.9 0.0999131947755814
2008-09-03 21.30758 -157.85542 2.9 21.2 -157.9 -0.00647903978824615
2008-09-06 21.30758 -157.85542 2.6 21.2 -157.9 0.0805691331624985
2008-09-12 21.30758 -157.85542 3.7 21.2 -157.9 0.482199788093567
2008-09-18 21.30758 -157.85542 2.8 21.2 -157.9 -0.00647903978824615
2008-10-06 21.30758 -157.85542 2.2 21.2 -157.9 0.071138933300972
2008-10-09 21.30758 -157.85542 2.8 21.2 -157.9 0.0805691331624985
2008-10-21 21.30758 -157.85542 6 21.2 -157.9 0.0350300520658493
2008-11-11 21.30758 -157.85542 4.8 21.2 -157.9 -0.0836133733391762
2008-12-05 21.30758 -157.85542 2.1 21.2 -157.9 -0.145514294505119
2008-12-23 21.30758 -157.85542 2.4 21.2 -157.9 0.0350300520658493
2008-12-29 21.30758 -157.85542 2.9 21.2 -157.9 0.140535667538643
2009-01-10 21.30758 -157.85542 5.3 21.2 -157.9 0.071138933300972
2009-02-09 21.30758 -157.85542 7.1 21.2 -157.9 0.00150038301944733
2009-02-15 21.30758 -157.85542 5 21.2 -157.9 0.109827026724815
2009-02-27 21.30758 -157.85542 2.9 21.2 -157.9 0.140535667538643
2009-03-08 21.30758 -157.85542 4.4 21.2 -157.9 0.172695115208626
2009-03-26 21.30758 -157.85542 4.1 21.2 -157.9 0.162539482116699
2009-04-03 21.30758 -157.85542 7.2 21.2 -157.9 0.229518249630928
2009-04-07 21.30758 -157.85542 5.5 21.2 -157.9 0.110552400350571
2009-04-12 21.30758 -157.85542 5.2 21.2 -157.9 0.140535667538643
2009-04-15 21.30758 -157.85542 4.4 21.2 -157.9 0.107973173260689
2009-04-19 21.30758 -157.85542 5.2 21.2 -157.9 0.071138933300972
2009-04-20 21.30758 -157.85542 5.1 21.2 -157.9 0.0527621060609818
2009-04-25 21.30758 -157.85542 5.6 21.2 -157.9 0.245315879583359
2009-04-29 21.30758 -157.85542 7.2 21.2 -157.9 0.140535667538643
2009-05-03 21.30758 -157.85542 7.2 21.2 -157.9 0.109827026724815
2009-05-04 21.30758 -157.85542 18.6 21.2 -157.9 0.189500227570534
2009-05-06 21.30758 -157.85542 8.1 21.2 -157.9 0.109383672475815
2009-05-08 21.30758 -157.85542 7 21.2 -157.9 0.194940730929375
2009-05-10 21.30758 -157.85542 3.6 21.2 -157.9 -0.0142972469329834
2009-05-12 21.30758 -157.85542 8 21.2 -157.9 0.206305339932442
2009-05-13 21.30758 -157.85542 7.2 21.2 -157.9 0.109827026724815
2009-05-14 21.30758 -157.85542 7.5 21.2 -157.9 0.139850586652756
2009-05-15 21.30758 -157.85542 8.2 21.2 -157.9 0.161814108490944
2009-05-16 21.30758 -157.85542 8.2 21.2 -157.9 0.00964100658893585
2009-05-17 21.30758 -157.85542 8.6 21.2 -157.9 0.130138233304024
2009-05-18 21.30758 -157.85542 6.4 21.2 -157.9 0.194940730929375
2009-05-22 21.30758 -157.85542 5.7 21.2 -157.9 0.0805691331624985
2009-05-23 21.30758 -157.85542 4.7 21.2 -157.9 0.0999131947755814
2009-05-25 21.30758 -157.85542 7 21.2 -157.9 -0.0896583795547485
2009-05-30 21.30758 -157.85542 5.7 21.2 -157.9 0.0805691331624985
2009-05-31 21.30758 -157.85542 4.6 21.2 -157.9 -0.0142972469329834
2009-06-01 21.30758 -157.85542 5.3 21.2 -157.9 0.043815478682518
2009-06-02 21.30758 -157.85542 6.1 21.2 -157.9 -0.0242513567209244
2009-06-03 21.30758 -157.85542 6.4 21.2 -157.9 0.0887500569224358
2009-06-07 21.30758 -157.85542 4.5 21.2 -157.9 0.189500227570534
2009-06-08 21.30758 -157.85542 4.9 21.2 -157.9 0.173057824373245
2009-06-09 21.30758 -157.85542 2.3 21.2 -157.9 0.0264058411121368
2009-06-11 21.30758 -157.85542 5 21.2 -157.9 0.0579204931855202
2009-06-12 21.30758 -157.85542 8.1 21.2 -157.9 0.0869768559932709
2009-06-13 21.30758 -157.85542 6.2 21.2 -157.9 0.18373729288578
2009-06-15 21.30758 -157.85542 5.7 21.2 -157.9 0.0264058411121368
2009-06-16 21.30758 -157.85542 7.4 21.2 -157.9 0.100638583302498
2009-06-17 21.30758 -157.85542 5.6 21.2 -157.9 0.161814108490944
2009-06-19 21.30758 -157.85542 4.5 21.2 -157.9 0.172695115208626
2009-06-20 21.30758 -157.85542 4.2 21.2 -157.9 0.0903217792510986
2009-06-21 21.30758 -157.85542 6.1 21.2 -157.9 0.0760152339935303
2009-06-22 21.30758 -157.85542 8.2 21.2 -157.9 0.328817665576935
2009-06-24 21.30758 -157.85542 6.6 21.2 -157.9 0.0855260640382767
2009-06-25 21.30758 -157.85542 5.5 21.2 -157.9 0.0597340166568756
2009-06-28 21.30758 -157.85542 4.8 21.2 -157.9 -0.0774071589112282
2009-06-29 21.30758 -157.85542 5.6 21.2 -157.9 0.12331410497427
2009-06-30 21.30758 -157.85542 1.4 21.2 -157.9 0.0805691331624985
2009-07-01 21.30758 -157.85542 1.8 21.2 -157.9 0.00964100658893585
2009-07-02 21.30758 -157.85542 0.8 21.2 -157.9 -0.0367846786975861
2009-07-03 21.30758 -157.85542 0.7 21.2 -157.9 0.0618699043989182
2009-07-09 21.30758 -157.85542 2.7 21.2 -157.9 0.159839406609535
2009-07-10 21.30758 -157.85542 2.2 21.2 -157.9 0.206305339932442
2009-07-11 21.30758 -157.85542 2.1 21.2 -157.9 0.105837300419807
2009-07-12 21.30758 -157.85542 1.7 21.2 -157.9 0.0999131947755814
2009-07-15 21.30758 -157.85542 2 21.2 -157.9 0.0618699043989182
2009-07-16 21.30758 -157.85542 3.2 21.2 -157.9 0.0611713714897633
2009-07-18 21.30758 -157.85542 2.1 21.2 -157.9 0.18373729288578
2009-07-19 21.30758 -157.85542 2.5 21.2 -157.9 0.253375887870789
2009-07-20 21.30758 -157.85542 1.7 21.2 -157.9 0.105071566998959
2009-07-24 21.30758 -157.85542 9.1 21.2 -157.9 0.0901605635881424
2009-07-28 21.30758 -157.85542 3.8 21.2 -157.9 0.077640675008297
2009-07-29 21.30758 -157.85542 5.2 21.2 -157.9 0.217831268906593
2009-07-30 21.30758 -157.85542 5.6 21.2 -157.9 0.130138233304024
2009-08-05 21.30758 -157.85542 4.4 21.2 -157.9 0.114864528179169
2009-08-06 21.30758 -157.85542 4.7 21.2 -157.9 0.0482887923717499
2009-08-07 21.30758 -157.85542 3.3 21.2 -157.9 0.140535667538643
2009-08-08 21.30758 -157.85542 2 21.2 -157.9 0.109827026724815
2009-08-09 21.30758 -157.85542 2.1 21.2 -157.9 0.0901605635881424
2009-08-10 21.30758 -157.85542 2.1 21.2 -157.9 -0.0294500589370728
2009-08-15 21.30758 -157.85542 2.5 21.2 -157.9 0.104870110750198
2009-08-16 21.30758 -157.85542 3.3 21.2 -157.9 0.0902411639690399
2009-08-17 21.30758 -157.85542 2.8 21.2 -157.9 0.101202785968781
2009-08-18 21.30758 -157.85542 2.3 21.2 -157.9 0.05731600522995
2009-08-19 21.30758 -157.85542 0.4 21.2 -157.9 0.0714613348245621
2009-08-22 21.30758 -157.85542 3.9 21.2 -157.9 0.0618699043989182
2009-08-23 21.30758 -157.85542 2.8 21.2 -157.9 0.0264058411121368
2009-08-24 21.30758 -157.85542 3.5 21.2 -157.9 0.0999131947755814
2009-08-25 21.30758 -157.85542 3.2 21.2 -157.9 0.0805691331624985
2009-08-26 21.30758 -157.85542 3.5 21.2 -157.9 0.0999937951564789
2009-08-27 21.30758 -157.85542 2.8 21.2 -157.9 0.196593075990677
2009-08-28 21.30758 -157.85542 3.7 21.2 -157.9 0.0995504781603813
2009-08-31 21.30758 -157.85542 3 21.2 -157.9 -0.0509703159332275
2009-09-01 21.30758 -157.85542 2.7 21.2 -157.9 0.0527621060609818
2009-09-02 21.30758 -157.85542 4.2 21.2 -157.9 0.0901605635881424
2009-09-03 21.30758 -157.85542 3.5 21.2 -157.9 0.0805691331624985
2009-09-04 21.30758 -157.85542 4.7 21.2 -157.9 -0.00647903978824615
2009-09-05 21.30758 -157.85542 2.7 21.2 -157.9 0.0996445119380951
2009-09-06 21.30758 -157.85542 1.6 21.2 -157.9 0.123824536800385
2009-09-10 21.30758 -157.85542 4.1 21.2 -157.9 0.217831268906593
2009-09-14 21.30758 -157.85542 3 21.2 -157.9 0.0179428309202194
2009-09-15 21.30758 -157.85542 1.7 21.2 -157.9 0.217105820775032
2009-09-16 21.30758 -157.85542 2.2 21.2 -157.9 -0.0668082311749458
2009-09-18 21.30758 -157.85542 2.5 21.2 -157.9 -0.0142972469329834
2009-09-19 21.30758 -157.85542 2.7 21.2 -157.9 0.0901605635881424
2009-09-22 21.30758 -157.85542 4.3 21.2 -157.9 -0.145514294505119
2009-09-23 21.30758 -157.85542 4.5 21.2 -157.9 0.125181347131729
2009-09-24 21.30758 -157.85542 2.3 21.2 -157.9 0.140616253018379
2009-09-25 21.30758 -157.85542 2.3 21.2 -157.9 0.181601464748383
2009-09-26 21.30758 -157.85542 4.4 21.2 -157.9 0.0618699043989182
2009-09-27 21.30758 -157.85542 4.3 21.2 -157.9 0.130138233304024
2009-10-05 21.30758 -157.85542 4.9 21.2 -157.9 0.0528426915407181
2009-10-06 21.30758 -157.85542 6 21.2 -157.9 -0.0832909643650055
2009-10-12 21.30758 -157.85542 2.7 21.2 -157.9 0.0999131947755814
2009-10-13 21.30758 -157.85542 1.6 21.2 -157.9 0.187686771154404
2009-10-14 21.30758 -157.85542 2.2 21.2 -157.9 0.043815478682518
2009-10-15 21.30758 -157.85542 2.8 21.2 -157.9 0.075854055583477
2009-10-16 21.30758 -157.85542 1.9 21.2 -157.9 -0.15357431769371
2009-10-23 21.30758 -157.85542 8.5 21.2 -157.9 0.172695115208626
2009-10-24 21.30758 -157.85542 7.4 21.2 -157.9 0.161814108490944
2009-10-25 21.30758 -157.85542 4.7 21.2 -157.9 0.214486300945282
2009-10-26 21.30758 -157.85542 4.5 21.2 -157.9 -0.0509703159332275
2009-10-31 21.30758 -157.85542 2.9 21.2 -157.9 0.0805691331624985
2009-11-01 21.30758 -157.85542 1.7 21.2 -157.9 0.0712195187807083
2009-11-02 21.30758 -157.85542 0.7 21.2 -157.9 0.150288283824921
2009-11-11 21.30758 -157.85542 4.2 21.2 -157.9 0.0618699043989182
2009-11-12 21.30758 -157.85542 4.7 21.2 -157.9 0.0403899699449539
2009-11-14 21.30758 -157.85542 6 21.2 -157.9 0.043815478682518
2009-11-19 21.30758 -157.85542 4.6 21.2 -157.9 0.119902029633522
2009-11-20 21.30758 -157.85542 4.6 21.2 -157.9 0.0999131947755814
2009-11-21 21.30758 -157.85542 3.8 21.2 -157.9 0.0855260640382767
2009-11-22 21.30758 -157.85542 1.1 21.2 -157.9 0.146943390369415
2009-11-23 21.30758 -157.85542 4.4 21.2 -157.9 -0.0142972469329834
2009-11-24 21.30758 -157.85542 3.7 21.2 -157.9 -0.0955421850085258
2009-11-29 21.30758 -157.85542 5.2 21.2 -157.9 0.119902029633522
2009-12-01 21.30758 -157.85542 3 21.2 -157.9 0.109827026724815
2009-12-02 21.30758 -157.85542 4 21.2 -157.9 -0.0756742581725121
2009-12-03 21.30758 -157.85542 4.5 21.2 -157.9 -0.0774071589112282
2009-12-09 21.30758 -157.85542 7.6 21.2 -157.9 0.0527621060609818
2009-12-10 21.30758 -157.85542 7.8 21.2 -157.9 0.00964100658893585
2009-12-11 21.30758 -157.85542 6.2 21.2 -157.9 -0.0287246704101562
2009-12-12 21.30758 -157.85542 5.1 21.2 -157.9 0.0350300520658493
2009-12-13 21.30758 -157.85542 5.3 21.2 -157.9 0.622202157974243
2009-12-14 21.30758 -157.85542 6.9 21.2 -157.9 -0.173885554075241
2009-12-18 21.30758 -157.85542 6.5 21.2 -157.9 0.071138933300972
2009-12-19 21.30758 -157.85542 4.5 21.2 -157.9 0.130138233304024
2009-12-21 21.30758 -157.85542 5.1 21.2 -157.9 0.0331359431147575
2009-12-22 21.30758 -157.85542 3.9 21.2 -157.9 -0.0142972469329834
2009-12-27 21.30758 -157.85542 10.7 21.2 -157.9 0.043815478682518
2009-12-28 21.30758 -157.85542 10 21.2 -157.9 0.0264058411121368
2000-02-09 20.780997 -156.446373 5.6 20.7 -156.5 0.130138233304024
2000-03-16 20.780997 -156.446373 5.7 20.7 -156.5 -0.0367846786975861
2000-03-25 20.780997 -156.446373 4.6 20.7 -156.5 -0.0774071589112282
2000-04-12 20.780997 -156.446373 6.5 20.7 -156.5 0.00964100658893585
2006-01-05 20.780997 -156.446373 1.8 20.7 -156.5 0.0805691331624985
2006-01-14 20.780997 -156.446373 7.2 20.7 -156.5 0.0618699043989182
2006-02-01 20.780997 -156.446373 3.7 20.7 -156.5 0.130138233304024
2006-02-04 20.780997 -156.446373 2.5 20.7 -156.5 -0.0509703159332275
2006-02-13 20.780997 -156.446373 0.7 20.7 -156.5 0.00964100658893585
2006-02-22 20.780997 -156.446373 5.5 20.7 -156.5 0.0618699043989182
2006-03-12 20.780997 -156.446373 3.4 20.7 -156.5 0.241366490721703
2006-03-24 20.780997 -156.446373 2.4 20.7 -156.5 -0.0645111352205276
2006-05-17 20.780997 -156.446373 2.8 20.7 -156.5 0.0805691331624985
2006-05-20 20.780997 -156.446373 3.3 20.7 -156.5 0.0901605635881424
2006-06-07 20.780997 -156.446373 3.7 20.7 -156.5 0.109827026724815
2006-06-16 20.780997 -156.446373 5.2 20.7 -156.5 0.130138233304024
2006-06-28 20.780997 -156.446373 8.3 20.7 -156.5 0.151094272732735
2006-07-25 20.780997 -156.446373 3.3 20.7 -156.5 0.135336950421333
2006-08-03 20.780997 -156.446373 5.4 20.7 -156.5 0.109827026724815
2006-08-24 20.780997 -156.446373 3.9 20.7 -156.5 0.043815478682518
2006-09-11 20.780997 -156.446373 3 20.7 -156.5 0.315841019153595
2006-09-23 20.780997 -156.446373 5.3 20.7 -156.5 0.0527621060609818
2006-10-02 20.780997 -156.446373 4.7 20.7 -156.5 0.0350300520658493
2006-10-11 20.780997 -156.446373 10.4 20.7 -156.5 0.119902029633522
2006-10-20 20.780997 -156.446373 4.5 20.7 -156.5 0.130138233304024
2006-10-29 20.780997 -156.446373 3.4 20.7 -156.5 0.0908859670162201
2006-11-10 20.780997 -156.446373 4.4 20.7 -156.5 -0.0509703159332275
2006-11-19 20.780997 -156.446373 3.8 20.7 -156.5 -0.00647903978824615
2006-11-28 20.780997 -156.446373 4.5 20.7 -156.5 0.043815478682518
2006-12-10 20.780997 -156.446373 6.6 20.7 -156.5 -0.12254324555397
2006-12-19 20.780997 -156.446373 3.4 20.7 -156.5 0.0527621060609818
2006-12-28 20.780997 -156.446373 3.4 20.7 -156.5 0.0264058411121368
2007-01-15 20.780997 -156.446373 3.6 20.7 -156.5 0.119902029633522
2007-02-05 20.780997 -156.446373 11.1 20.7 -156.5 0.161814108490944
2007-02-14 20.780997 -156.446373 4.6 20.7 -156.5 0.0901605635881424
2007-03-07 20.780997 -156.446373 9.9 20.7 -156.5 0.0901605635881424
2007-04-03 20.780997 -156.446373 3.7 20.7 -156.5 0.27787834405899
2007-04-15 20.780997 -156.446373 4.9 20.7 -156.5 0.18373729288578
2007-10-15 20.780997 -156.446373 3.6 20.7 -156.5 0.229518249630928
2007-10-27 20.780997 -156.446373 5.8 20.7 -156.5 0.217831268906593
2007-12-14 20.780997 -156.446373 3 20.7 -156.5 -0.0439580827951431
2008-01-01 20.780997 -156.446373 3.5 20.7 -156.5 0.043815478682518
2008-02-18 20.780997 -156.446373 8.6 20.7 -156.5 0.0901605635881424
2008-04-06 20.780997 -156.446373 3 20.7 -156.5 0.172695115208626
2008-06-23 20.780997 -156.446373 6.1 20.7 -156.5 0.290371358394623
2008-07-05 20.780997 -156.446373 5.1 20.7 -156.5 0.241366490721703
2008-08-04 20.780997 -156.446373 7.1 20.7 -156.5 -0.0294500589370728
2008-10-21 20.780997 -156.446373 7.5 20.7 -156.5 -0.0578213334083557
2008-10-27 20.780997 -156.446373 7.5 20.7 -156.5 0.140535667538643
2008-11-20 20.780997 -156.446373 6.4 20.7 -156.5 -0.0578213334083557
2008-12-03 20.780997 -156.446373 15.6 20.7 -156.5 0.071138933300972
2008-12-08 20.780997 -156.446373 3 20.7 -156.5 0.0618699043989182
2008-12-13 20.780997 -156.446373 5.6 20.7 -156.5 0.194940730929375
2008-12-14 20.780997 -156.446373 3.2 20.7 -156.5 -0.0219542533159256
2008-12-21 20.780997 -156.446373 2.6 20.7 -156.5 0.043815478682518
2008-12-22 20.780997 -156.446373 3.7 20.7 -156.5 0.0805691331624985
2008-12-23 20.780997 -156.446373 0.8 20.7 -156.5 0.130138233304024
2008-12-25 20.780997 -156.446373 1 20.7 -156.5 0.265546500682831
2009-01-01 20.780997 -156.446373 7 20.7 -156.5 0.265546500682831
2009-01-08 20.780997 -156.446373 1.4 20.7 -156.5 0.0527621060609818
2009-01-11 20.780997 -156.446373 4.3 20.7 -156.5 0.18373729288578
2009-01-12 20.780997 -156.446373 1.5 20.7 -156.5 -0.058587022125721
2009-01-20 20.780997 -156.446373 6.8 20.7 -156.5 0.303025603294373
2009-01-21 20.780997 -156.446373 3 20.7 -156.5 0.0806497484445572
2009-01-25 20.780997 -156.446373 3 20.7 -156.5 0.0901605635881424
2009-02-07 20.780997 -156.446373 3 20.7 -156.5 0.0805691331624985
2009-02-10 20.780997 -156.446373 5.1 20.7 -156.5 -0.0439580827951431
2009-02-11 20.780997 -156.446373 3.7 20.7 -156.5 0.140535667538643
2009-02-15 20.780997 -156.446373 2.8 20.7 -156.5 0.0999131947755814
2009-02-19 20.780997 -156.446373 1.5 20.7 -156.5 0.229518249630928
2009-02-27 20.780997 -156.446373 3 20.7 -156.5 0.151094272732735
2009-03-13 20.780997 -156.446373 2.1 20.7 -156.5 0.140535667538643
2009-03-22 20.780997 -156.446373 5.3 20.7 -156.5 0.151094272732735
2009-03-30 20.780997 -156.446373 3.1 20.7 -156.5 0.119902029633522
2009-04-16 20.780997 -156.446373 4 20.7 -156.5 0.071138933300972
2009-04-25 20.780997 -156.446373 4.9 20.7 -156.5 0.161814108490944
2009-04-26 20.780997 -156.446373 2.7 20.7 -156.5 0.0999131947755814
2009-04-29 20.780997 -156.446373 4.4 20.7 -156.5 0.0901605635881424
2009-04-30 20.780997 -156.446373 1.9 20.7 -156.5 0.18373729288578
2009-05-02 20.780997 -156.446373 1.3 20.7 -156.5 0.0264058411121368
2009-05-03 20.780997 -156.446373 10.6 20.7 -156.5 -0.0439580827951431
2009-05-04 20.780997 -156.446373 19.1 20.7 -156.5 0.241366490721703
2009-05-08 20.780997 -156.446373 5 20.7 -156.5 0.140535667538643
2009-05-12 20.780997 -156.446373 10 20.7 -156.5 0.0805691331624985
2009-05-13 20.780997 -156.446373 7 20.7 -156.5 0.140535667538643
2009-05-14 20.780997 -156.446373 6.2 20.7 -156.5 0.192724257707596
2009-05-21 20.780997 -156.446373 3.5 20.7 -156.5 0.151094272732735
2009-05-25 20.780997 -156.446373 12.1 20.7 -156.5 0.151094272732735
2009-05-31 20.780997 -156.446373 20 20.7 -156.5 0.0100843086838722
2009-06-02 20.780997 -156.446373 7.4 20.7 -156.5 0.18373729288578
2009-06-08 20.780997 -156.446373 3.3 20.7 -156.5 0.145976170897484
2009-06-09 20.780997 -156.446373 3 20.7 -156.5 0.0805691331624985
2009-06-11 20.780997 -156.446373 4.7 20.7 -156.5 -0.0578213334083557
2009-06-12 20.780997 -156.446373 6.5 20.7 -156.5 0.206305339932442
2009-06-16 20.780997 -156.446373 4.1 20.7 -156.5 0.130138233304024
2009-06-17 20.780997 -156.446373 3.2 20.7 -156.5 0.071138933300972
2009-06-20 20.780997 -156.446373 4.8 20.7 -156.5 0.368714690208435
2009-06-21 20.780997 -156.446373 4.8 20.7 -156.5 0.0901605635881424
2009-06-24 20.780997 -156.446373 4.9 20.7 -156.5 -0.0578213334083557
2009-06-25 20.780997 -156.446373 2.5 20.7 -156.5 0.163103684782982
2009-06-27 20.780997 -156.446373 3 20.7 -156.5 0.229518249630928
2009-07-03 20.780997 -156.446373 1.8 20.7 -156.5 0.194940730929375
2009-07-16 20.780997 -156.446373 2.4 20.7 -156.5 0.0618699043989182
2009-07-20 20.780997 -156.446373 2.3 20.7 -156.5 0.241366490721703
2009-07-29 20.780997 -156.446373 2.1 20.7 -156.5 0.328817665576935
2009-08-07 20.780997 -156.446373 2.2 20.7 -156.5 0.151094272732735
2009-08-08 20.780997 -156.446373 3 20.7 -156.5 0.229518249630928
2009-08-09 20.780997 -156.446373 1.2 20.7 -156.5 0.206305339932442
2009-08-10 20.780997 -156.446373 2.8 20.7 -156.5 0.161814108490944
2009-08-11 20.780997 -156.446373 0.8 20.7 -156.5 0.140535667538643
2009-08-16 20.780997 -156.446373 2.5 20.7 -156.5 0.130138233304024
2009-08-17 20.780997 -156.446373 4.1 20.7 -156.5 0.452861309051514
2009-08-18 20.780997 -156.446373 1.8 20.7 -156.5 0.071138933300972
2009-08-28 20.780997 -156.446373 2.5 20.7 -156.5 0.0901605635881424
2009-08-29 20.780997 -156.446373 6.2 20.7 -156.5 0.0805691331624985
2009-08-31 20.780997 -156.446373 2.7 20.7 -156.5 0.0618699043989182
2009-09-01 20.780997 -156.446373 2.1 20.7 -156.5 0.0527621060609818
2009-09-02 20.780997 -156.446373 2.4 20.7 -156.5 0.130138233304024
2009-09-05 20.780997 -156.446373 2.3 20.7 -156.5 -0.101264819502831
2009-09-14 20.780997 -156.446373 2.4 20.7 -156.5 0.071138933300972
2009-09-15 20.780997 -156.446373 5.8 20.7 -156.5 0.120600543916225
2009-09-16 20.780997 -156.446373 6.2 20.7 -156.5 0.00278999656438828
2009-09-17 20.780997 -156.446373 4.5 20.7 -156.5 0.0527621060609818
2009-09-23 20.780997 -156.446373 3.1 20.7 -156.5 0.0805691331624985
2009-09-27 20.780997 -156.446373 3.8 20.7 -156.5 0.0975220426917076
2009-10-03 20.780997 -156.446373 2.7 20.7 -156.5 0.241366490721703
2009-10-05 20.780997 -156.446373 4 20.7 -156.5 0.272196054458618
2009-10-13 20.780997 -156.446373 0 20.7 -156.5 0.161814108490944
2009-10-15 20.780997 -156.446373 0 20.7 -156.5 0.131427839398384
2009-10-16 20.780997 -156.446373 -0.2 20.7 -156.5 -0.0803490653634071
2009-10-25 20.780997 -156.446373 3.5 20.7 -156.5 0.119902029633522
2009-11-04 20.780997 -156.446373 3.4 20.7 -156.5 0.18373729288578
2009-11-12 20.780997 -156.446373 5 20.7 -156.5 0.0527621060609818
2009-11-14 20.780997 -156.446373 5 20.7 -156.5 0.0901605635881424
2009-11-20 20.780997 -156.446373 2.1 20.7 -156.5 0.172695115208626
2009-11-21 20.780997 -156.446373 1.2 20.7 -156.5 0.161814108490944
2009-11-22 20.780997 -156.446373 0.7 20.7 -156.5 0.195142269134521
2009-11-23 20.780997 -156.446373 1.7 20.7 -156.5 -0.0645111352205276
2009-11-24 20.780997 -156.446373 1.3 20.7 -156.5 -0.0294500589370728
2009-11-25 20.780997 -156.446373 0 20.7 -156.5 -0.0955421850085258
2009-12-01 20.780997 -156.446373 0 20.7 -156.5 0.204008281230927
2009-12-03 20.780997 -156.446373 7 20.7 -156.5 0.0618699043989182
2009-12-04 20.780997 -156.446373 1.1 20.7 -156.5 -0.0219542533159256
2009-12-05 20.780997 -156.446373 3.9 20.7 -156.5 -0.0645111352205276
2009-12-10 20.780997 -156.446373 4 20.7 -156.5 0.341955482959747
2009-12-11 20.780997 -156.446373 2.5 20.7 -156.5 0.0293074399232864
2009-12-12 20.780997 -156.446373 2.5 20.7 -156.5 -0.00668053328990936
2009-12-13 20.780997 -156.446373 2.5 20.7 -156.5 0.18373729288578
2009-12-18 20.780997 -156.446373 4.1 20.7 -156.5 0.151094272732735
2009-12-23 20.780997 -156.446373 0.7 20.7 -156.5 0.119902029633522
2009-12-28 20.780997 -156.446373 9.5 20.7 -156.5 0.217831268906593
2008-05-15 19.717562 -155.11053 24.5 19.8 -155 0.303025603294373
2008-05-16 19.717562 -155.11053 17.7 19.8 -155 0.368714690208435
2008-05-19 19.717562 -155.11053 4 19.8 -155 0.0179428309202194
2008-05-23 19.717562 -155.11053 3 19.8 -155 0.000895895063877106
2008-05-24 19.717562 -155.11053 3.7 19.8 -155 0.168221786618233
2008-05-28 19.717562 -155.11053 3.1 19.8 -155 0.0670283138751984
2008-06-03 19.717562 -155.11053 2.1 19.8 -155 0.0999131947755814
2008-06-05 19.717562 -155.11053 3.1 19.8 -155 0.0618699043989182
2008-06-13 19.717562 -155.11053 1.2 19.8 -155 0.194940730929375
2008-06-14 19.717562 -155.11053 0.9 19.8 -155 0.482199788093567
2008-06-26 19.717562 -155.11053 3.3 19.8 -155 0.0438960790634155
2008-07-02 19.717562 -155.11053 1.7 19.8 -155 0.217831268906593
2008-07-05 19.717562 -155.11053 5.3 19.8 -155 -0.0387593954801559
2008-07-09 19.717562 -155.11053 3.5 19.8 -155 -0.0294500589370728
2008-07-12 19.717562 -155.11053 4.6 19.8 -155 0.194940730929375
2008-07-13 19.717562 -155.11053 5.2 19.8 -155 0.0186682194471359
2008-07-14 19.717562 -155.11053 3.7 19.8 -155 -0.0955421850085258
2008-07-22 19.717562 -155.11053 1.8 19.8 -155 0.303025603294373
2008-07-27 19.717562 -155.11053 5.9 19.8 -155 0.172695115208626
2008-08-01 19.717562 -155.11053 4.6 19.8 -155 0.0999131947755814
2008-08-20 19.717562 -155.11053 5.3 19.8 -155 -0.0579825304448605
2008-08-27 19.717562 -155.11053 3.3 19.8 -155 0.0999131947755814
2008-09-04 19.717562 -155.11053 3.5 19.8 -155 0.140535667538643
2008-09-08 19.717562 -155.11053 3.4 19.8 -155 -0.0896583795547485
2008-09-13 19.717562 -155.11053 15.5 19.8 -155 0.355254471302032
2008-09-19 19.717562 -155.11053 2.9 19.8 -155 0.194940730929375
2008-09-21 19.717562 -155.11053 3.6 19.8 -155 -0.0774071589112282
2008-09-28 19.717562 -155.11053 3.5 19.8 -155 -0.0774071589112282
2008-10-06 19.717562 -155.11053 3.4 19.8 -155 0.290371358394623
2008-10-09 19.717562 -155.11053 2.7 19.8 -155 0.18373729288578
2008-10-13 19.717562 -155.11053 12.7 19.8 -155 0.0264058411121368
2008-10-26 19.717562 -155.11053 3.2 19.8 -155 0.0350300520658493
2008-10-30 19.717562 -155.11053 1.6 19.8 -155 -0.0142972469329834
2008-11-06 19.717562 -155.11053 2.5 19.8 -155 -0.149624913930893
2008-11-15 19.717562 -155.11053 11.7 19.8 -155 0.0527621060609818
2008-11-16 19.717562 -155.11053 5 19.8 -155 -0.0367846786975861
2008-11-30 19.717562 -155.11053 3 19.8 -155 0.0618699043989182
2008-12-04 19.717562 -155.11053 7.8 19.8 -155 0.130138233304024
2008-12-05 19.717562 -155.11053 1.7 19.8 -155 -0.186378568410873
2008-12-22 19.717562 -155.11053 3 19.8 -155 0.071138933300972
2009-01-16 19.717562 -155.11053 10.9 19.8 -155 0.0805691331624985
2009-01-20 19.717562 -155.11053 12.3 19.8 -155 0.0887500569224358
2009-01-21 19.717562 -155.11053 6.4 19.8 -155 0.00964100658893585
2009-01-22 19.717562 -155.11053 3.1 19.8 -155 0.0999131947755814
2009-01-29 19.717562 -155.11053 8.7 19.8 -155 0.0999131947755814
2009-01-30 19.717562 -155.11053 4.8 19.8 -155 0.0999131947755814
2009-02-15 19.717562 -155.11053 7.9 19.8 -155 0.172695115208626
2009-03-21 19.717562 -155.11053 4 19.8 -155 0.18373729288578
2009-04-17 19.717562 -155.11053 5 19.8 -155 0.27787834405899
2009-05-04 19.717562 -155.11053 16.2 19.8 -155 0.382336139678955
2009-05-06 19.717562 -155.11053 10.4 19.8 -155 0.303025603294373
2009-05-08 19.717562 -155.11053 4.4 19.8 -155 -0.00647903978824615
2009-05-12 19.717562 -155.11053 8.4 19.8 -155 -0.0439580827951431
2009-05-13 19.717562 -155.11053 6.9 19.8 -155 0.161814108490944
2009-05-14 19.717562 -155.11053 6.2 19.8 -155 0.206305339932442
2009-05-21 19.717562 -155.11053 26.9 19.8 -155 0.558366894721985
2009-05-25 19.717562 -155.11053 19.4 19.8 -155 0.242091834545135
2009-05-27 19.717562 -155.11053 21.4 19.8 -155 0.229518249630928
2009-05-30 19.717562 -155.11053 8.2 19.8 -155 0.119902029633522
2009-05-31 19.717562 -155.11053 8.7 19.8 -155 0.184019446372986
2009-06-02 19.717562 -155.11053 6.3 19.8 -155 0.119902029633522
2009-06-03 19.717562 -155.11053 6.2 19.8 -155 0.151819661259651
2009-06-04 19.717562 -155.11053 5.6 19.8 -155 0.130138233304024
2009-06-08 19.717562 -155.11053 5 19.8 -155 0.0805691331624985
2009-06-09 19.717562 -155.11053 3.8 19.8 -155 0.0350300520658493
2009-06-10 19.717562 -155.11053 4.7 19.8 -155 0.829183399677277
2009-06-12 19.717562 -155.11053 8.1 19.8 -155 0.315841019153595
2009-06-13 19.717562 -155.11053 7.2 19.8 -155 0.0805691331624985
2009-06-16 19.717562 -155.11053 4.6 19.8 -155 0.27787834405899
2009-06-17 19.717562 -155.11053 3.2 19.8 -155 0.123851418495178
2009-06-20 19.717562 -155.11053 3.1 19.8 -155 0.606001555919647
2009-06-28 19.717562 -155.11053 1 19.8 -155 0.161814108490944
2009-06-29 19.717562 -155.11053 2.3 19.8 -155 0.0350300520658493
2009-06-30 19.717562 -155.11053 2.1 19.8 -155 0.139850586652756
2009-07-08 19.717562 -155.11053 2.8 19.8 -155 0.0716225281357765
2009-07-16 19.717562 -155.11053 2 19.8 -155 0.0618699043989182
2009-07-20 19.717562 -155.11053 3.1 19.8 -155 0.160967811942101
2009-07-21 19.717562 -155.11053 4.7 19.8 -155 0.0618699043989182
2009-07-28 19.717562 -155.11053 2.7 19.8 -155 0.172695115208626
2009-08-09 19.717562 -155.11053 3.1 19.8 -155 0.303025603294373
2009-08-11 19.717562 -155.11053 10.4 19.8 -155 0.161814108490944
2009-08-15 19.717562 -155.11053 4.7 19.8 -155 -0.0219542533159256
2009-08-16 19.717562 -155.11053 5.2 19.8 -155 0.140535667538643
2009-08-18 19.717562 -155.11053 3.7 19.8 -155 0.114864528179169
2009-08-19 19.717562 -155.11053 2.2 19.8 -155 -0.027797769755125
2009-08-27 19.717562 -155.11053 3.2 19.8 -155 -0.0142972469329834
2009-08-28 19.717562 -155.11053 2.8 19.8 -155 0.183817923069
2009-08-31 19.717562 -155.11053 3.2 19.8 -155 0.00964100658893585
2009-09-05 19.717562 -155.11053 3 19.8 -155 0.229518249630928
2009-09-15 19.717562 -155.11053 2.4 19.8 -155 0.151094272732735
2009-09-16 19.717562 -155.11053 2.2 19.8 -155 0.0182652175426483
2009-09-27 19.717562 -155.11053 3.5 19.8 -155 0.0618699043989182
2009-10-14 19.717562 -155.11053 2 19.8 -155 0.0999131947755814
2009-10-15 19.717562 -155.11053 3.4 19.8 -155 0.0760152339935303
2009-10-16 19.717562 -155.11053 0.3 19.8 -155 0.071138933300972
2009-10-17 19.717562 -155.11053 1.7 19.8 -155 -0.117465443909168
2009-10-24 19.717562 -155.11053 3.8 19.8 -155 0.19526319205761
2009-10-25 19.717562 -155.11053 3.9 19.8 -155 -0.0287246704101562
2009-11-02 19.717562 -155.11053 2.3 19.8 -155 0.151094272732735
2009-11-04 19.717562 -155.11053 1.7 19.8 -155 0.0264058411121368
2009-12-02 19.717562 -155.11053 8.5 19.8 -155 0.0527621060609818
2009-12-03 19.717562 -155.11053 17.4 19.8 -155 0.241366490721703
2009-12-04 19.717562 -155.11053 13.7 19.8 -155 -0.0219542533159256
2009-12-10 19.717562 -155.11053 8 19.8 -155 0.109827026724815
2009-12-11 19.717562 -155.11053 4 19.8 -155 -0.0219542533159256
2009-12-12 19.717562 -155.11053 3.7 19.8 -155 0.071138933300972
2009-12-13 19.717562 -155.11053 3.5 19.8 -155 0.151094272732735
2009-12-14 19.717562 -155.11053 8.5 19.8 -155 -0.12254324555397
2009-12-21 19.717562 -155.11053 1.1 19.8 -155 -0.127459853887558
2009-12-22 19.717562 -155.11053 4.2 19.8 -155 0.0527621060609818
2009-12-23 19.717562 -155.11053 2.2 19.8 -155 0.0618699043989182
2009-12-24 19.717562 -155.11053 6.6 19.8 -155 -0.190247386693954
2008-03-19 19.509778 -155.913417 19.6 19.5 -156 0.290371358394623
2008-03-23 19.509778 -155.913417 26.7 19.5 -156 0.140535667538643
2008-04-05 19.509778 -155.913417 10.6 19.5 -156 -0.0367846786975861
2008-04-06 19.509778 -155.913417 25.2 19.5 -156 0.290371358394623
2008-04-18 19.509778 -155.913417 32.4 19.5 -156 0.542811036109924
2008-04-19 19.509778 -155.913417 28.9 19.5 -156 0.368714690208435
2008-04-23 19.509778 -155.913417 16.7 19.5 -156 0.368714690208435
2008-05-10 19.509778 -155.913417 29.3 19.5 -156 0.368714690208435
2008-06-01 19.509778 -155.913417 27 19.5 -156 0.253375887870789
2008-06-14 19.509778 -155.913417 13.3 19.5 -156 0.119902029633522
2008-06-18 19.509778 -155.913417 17 19.5 -156 0.194940730929375
2008-06-22 19.509778 -155.913417 16.7 19.5 -156 0.071138933300972
2008-07-05 19.509778 -155.913417 23.5 19.5 -156 0.194940730929375
2008-07-13 19.509778 -155.913417 24.3 19.5 -156 0.829183399677277
2008-07-22 19.509778 -155.913417 27.7 19.5 -156 0.757610499858856
2008-07-31 19.509778 -155.913417 16 19.5 -156 0.172695115208626
2008-08-05 19.509778 -155.913417 31.5 19.5 -156 0.290371358394623
2008-08-13 19.509778 -155.913417 18.5 19.5 -156 0.290371358394623
2008-08-17 19.509778 -155.913417 12.5 19.5 -156 -0.0439580827951431
2008-08-22 19.509778 -155.913417 21 19.5 -156 0.558366894721985
2008-08-26 19.509778 -155.913417 29.8 19.5 -156 0.303025603294373
2008-08-27 19.509778 -155.913417 28 19.5 -156 0.241366490721703
2008-08-31 19.509778 -155.913417 17 19.5 -156 0.194940730929375
2008-09-08 19.509778 -155.913417 17.7 19.5 -156 0.303025603294373
2008-09-12 19.509778 -155.913417 16.2 19.5 -156 -0.0142972469329834
2008-09-21 19.509778 -155.913417 17.2 19.5 -156 0.27787834405899
2008-09-30 19.509778 -155.913417 10.1 19.5 -156 0.161814108490944
2008-10-04 19.509778 -155.913417 21.5 19.5 -156 0.253375887870789
2008-10-09 19.509778 -155.913417 27.4 19.5 -156 0.194940730929375
2008-10-21 19.509778 -155.913417 18 19.5 -156 0.0901605635881424
2008-10-26 19.509778 -155.913417 10.5 19.5 -156 0.328817665576935
2008-10-30 19.509778 -155.913417 26.1 19.5 -156 0.410062551498413
2008-11-03 19.509778 -155.913417 19.4 19.5 -156 0.071138933300972
2008-11-07 19.509778 -155.913417 19.3 19.5 -156 0.0350300520658493
2008-11-12 19.509778 -155.913417 17.9 19.5 -156 0.315841019153595
2008-11-15 19.509778 -155.913417 23.4 19.5 -156 0.396118760108948
2008-11-25 19.509778 -155.913417 15.1 19.5 -156 0.315841019153595
2008-11-29 19.509778 -155.913417 26.7 19.5 -156 0.265546500682831
2008-11-30 19.509778 -155.913417 24.7 19.5 -156 0.140535667538643
2008-12-21 19.509778 -155.913417 11.4 19.5 -156 0.206305339932442
2008-12-25 19.509778 -155.913417 10.1 19.5 -156 0.172695115208626
2009-01-07 19.509778 -155.913417 15.2 19.5 -156 0.0999131947755814
2009-01-10 19.509778 -155.913417 14.4 19.5 -156 0.241366490721703
2009-01-11 19.509778 -155.913417 7.1 19.5 -156 0.241366490721703
2009-01-12 19.509778 -155.913417 3.7 19.5 -156 -0.15357431769371
2009-01-16 19.509778 -155.913417 1.6 19.5 -156 0.161814108490944
2009-01-19 19.509778 -155.913417 9.6 19.5 -156 0.253375887870789
2009-01-20 19.509778 -155.913417 16.4 19.5 -156 0.27880522608757
2009-01-21 19.509778 -155.913417 20.9 19.5 -156 0.265546500682831
2009-01-24 19.509778 -155.913417 19.7 19.5 -156 0.194940730929375
2009-01-31 19.509778 -155.913417 11.2 19.5 -156 0.0901605635881424
2009-02-15 19.509778 -155.913417 13.9 19.5 -156 0.18373729288578
2009-02-19 19.509778 -155.913417 18.6 19.5 -156 0.265546500682831
2009-02-27 19.509778 -155.913417 14.1 19.5 -156 0.303025603294373
2009-03-18 19.509778 -155.913417 3.9 19.5 -156 0.0901605635881424
2009-03-21 19.509778 -155.913417 12.1 19.5 -156 0.206305339932442
2009-03-30 19.509778 -155.913417 11.9 19.5 -156 0.27787834405899
2009-04-07 19.509778 -155.913417 15.5 19.5 -156 0.622202157974243
2009-04-16 19.509778 -155.913417 24.8 19.5 -156 0.396118760108948
2009-04-25 19.509778 -155.913417 6 19.5 -156 0.217831268906593
2009-04-26 19.509778 -155.913417 7.4 19.5 -156 0.146298572421074
2009-05-08 19.509778 -155.913417 25.1 19.5 -156 0.303025603294373
2009-05-13 19.509778 -155.913417 20.8 19.5 -156 0.253375887870789
2009-05-25 19.509778 -155.913417 20.9 19.5 -156 0.324102520942688
2009-05-30 19.509778 -155.913417 32.3 19.5 -156 0.328817665576935
2009-05-31 19.509778 -155.913417 28.6 19.5 -156 0.507064938545227
2009-06-03 19.509778 -155.913417 18 19.5 -156 0.265546500682831
2009-06-10 19.509778 -155.913417 10.7 19.5 -156 0.424167692661285
2009-06-11 19.509778 -155.913417 9.5 19.5 -156 0.0264058411121368
2009-06-20 19.509778 -155.913417 25.6 19.5 -156 0.253375887870789
2009-06-24 19.509778 -155.913417 17.4 19.5 -156 0.290371358394623
2009-07-03 19.509778 -155.913417 14.4 19.5 -156 0.172695115208626
2009-07-07 19.509778 -155.913417 11.8 19.5 -156 0.071138933300972
2009-07-21 19.509778 -155.913417 10.1 19.5 -156 0.194940730929375
2009-08-06 19.509778 -155.913417 25.9 19.5 -156 0.206305339932442
2009-08-07 19.509778 -155.913417 20.5 19.5 -156 0.217831268906593
2009-08-11 19.509778 -155.913417 7.6 19.5 -156 0.0805691331624985
2009-08-19 19.509778 -155.913417 21.2 19.5 -156 0.00150038301944733
2009-08-28 19.509778 -155.913417 13.4 19.5 -156 0.574567556381226
2009-09-01 19.509778 -155.913417 8.9 19.5 -156 -0.0142972469329834
2009-09-02 19.509778 -155.913417 12.7 19.5 -156 0.140535667538643
2009-09-10 19.509778 -155.913417 13.5 19.5 -156 0.241366490721703
2009-09-15 19.509778 -155.913417 17.8 19.5 -156 0.238827556371689
2009-09-27 19.509778 -155.913417 15.4 19.5 -156 0.0350300520658493
2009-09-28 19.509778 -155.913417 12.8 19.5 -156 0.130138233304024
2009-10-06 19.509778 -155.913417 9.8 19.5 -156 0.206305339932442
2009-10-07 19.509778 -155.913417 7 19.5 -156 0.130138233304024
2009-10-15 19.509778 -155.913417 10.3 19.5 -156 0.417276352643967
2009-10-16 19.509778 -155.913417 7 19.5 -156 0.277152955532074
2009-11-02 19.509778 -155.913417 13.9 19.5 -156 0.382336139678955
2009-11-03 19.509778 -155.913417 15 19.5 -156 0.229518249630928
2009-11-04 19.509778 -155.913417 17.5 19.5 -156 0.228994339704514
2009-11-12 19.509778 -155.913417 6.9 19.5 -156 0.0901605635881424
2009-11-20 19.509778 -155.913417 17 19.5 -156 0.217831268906593
2009-11-21 19.509778 -155.913417 16.9 19.5 -156 0.151094272732735
2009-11-22 19.509778 -155.913417 16.6 19.5 -156 0.119902029633522
2009-11-23 19.509778 -155.913417 22.2 19.5 -156 0.256237179040909
2009-11-24 19.509778 -155.913417 17.3 19.5 -156 0.217831268906593
2009-11-25 19.509778 -155.913417 15.7 19.5 -156 -0.0645111352205276
2009-11-30 19.509778 -155.913417 16.6 19.5 -156 0.161814108490944
2009-12-01 19.509778 -155.913417 14.6 19.5 -156 0.140535667538643
2009-12-02 19.509778 -155.913417 13.9 19.5 -156 0.206305339932442
2009-12-03 19.509778 -155.913417 15.4 19.5 -156 0.0901605635881424
2009-12-04 19.509778 -155.913417 5.1 19.5 -156 -0.184202373027802
2009-12-10 19.509778 -155.913417 36.2 19.5 -156 0.27787834405899
2009-12-11 19.509778 -155.913417 23.6 19.5 -156 0.27787834405899
2009-12-12 19.509778 -155.913417 21.5 19.5 -156 0.111842006444931
2009-12-13 19.509778 -155.913417 20.3 19.5 -156 0.151094272732735
2009-12-22 19.509778 -155.913417 22.9 19.5 -156 0.217831268906593
2009-12-23 19.509778 -155.913417 28.8 19.5 -156 0.452861309051514
2008-06-02 19.2039 -155.480183 14.7 19.2 -155.4 0.18373729288578
2008-07-30 19.2039 -155.480183 25.6 19.2 -155.4 0.355254471302032
2008-08-09 19.2039 -155.480183 55.6 19.2 -155.4 0.27787834405899
2008-08-10 19.2039 -155.480183 19.5 19.2 -155.4 0.194940730929375
2008-08-11 19.2039 -155.480183 14.1 19.2 -155.4 0.467449903488159
2008-08-30 19.2039 -155.480183 7.7 19.2 -155.4 0.151094272732735
2008-09-08 19.2039 -155.480183 9.7 19.2 -155.4 0.341955482959747
2008-10-07 19.2039 -155.480183 8.3 19.2 -155.4 0.290371358394623
2008-10-18 19.2039 -155.480183 8.2 19.2 -155.4 0.303025603294373
2008-12-23 19.2039 -155.480183 7.4 19.2 -155.4 0.424167692661285
2008-12-24 19.2039 -155.480183 1 19.2 -155.4 -0.0294500589370728
2009-01-01 19.2039 -155.480183 12.9 19.2 -155.4 0.206305339932442
2009-02-17 19.2039 -155.480183 8.9 19.2 -155.4 0.265546500682831
2009-02-18 19.2039 -155.480183 9.1 19.2 -155.4 0.194940730929375
2009-02-28 19.2039 -155.480183 8.3 19.2 -155.4 0.265546500682831
2009-05-24 19.2039 -155.480183 10.5 19.2 -155.4 0.151094272732735
2009-06-22 19.2039 -155.480183 9.8 19.2 -155.4 0.265546500682831
2009-06-29 19.2039 -155.480183 6.7 19.2 -155.4 0.0999131947755814
2009-07-11 19.2039 -155.480183 7.7 19.2 -155.4 0.396118760108948
2009-07-21 19.2039 -155.480183 4.8 19.2 -155.4 0.303025603294373
2009-07-30 19.2039 -155.480183 9.8 19.2 -155.4 0.265546500682831
2009-08-06 19.2039 -155.480183 9.6 19.2 -155.4 0.0264058411121368
2009-08-10 19.2039 -155.480183 12.6 19.2 -155.4 0.140535667538643
2009-08-18 19.2039 -155.480183 12.8 19.2 -155.4 0.265546500682831
2009-08-23 19.2039 -155.480183 7.1 19.2 -155.4 0.151094272732735
2009-08-27 19.2039 -155.480183 9 19.2 -155.4 0.247532367706299
2009-09-04 19.2039 -155.480183 5.3 19.2 -155.4 0.18373729288578
2009-09-25 19.2039 -155.480183 8 19.2 -155.4 0.229518249630928
2009-11-02 19.2039 -155.480183 4.5 19.2 -155.4 0.157421380281448
2009-11-20 19.2039 -155.480183 8.7 19.2 -155.4 0.109827026724815
2009-11-22 19.2039 -155.480183 6.1 19.2 -155.4 0.109827026724815
2009-11-23 19.2039 -155.480183 8.7 19.2 -155.4 0.152142092585564
2009-12-01 19.2039 -155.480183 2.9 19.2 -155.4 0.140535667538643
2009-12-11 19.2039 -155.480183 7.8 19.2 -155.4 0.172695115208626
2009-12-24 19.2039 -155.480183 19.5 19.2 -155.4 0.0350300520658493
2009-12-31 19.2039 -155.480183 22.8 19.2 -155.4 0.130138233304024
2008-04-18 19.569833 -155.08065 4.9 19.6 -154.9 0.0527621060609818
2008-04-28 19.569833 -155.08065 3.4 19.6 -154.9 0.0350300520658493
2008-05-16 19.569833 -155.08065 16.7 19.6 -154.9 0.225286722183228
2008-05-19 19.569833 -155.08065 1.8 19.6 -154.9 0.043815478682518
2008-05-23 19.569833 -155.08065 3 19.6 -154.9 0.012542612850666
2008-05-24 19.569833 -155.08065 3.6 19.6 -154.9 -0.0294500589370728
2008-05-25 19.569833 -155.08065 2.9 19.6 -154.9 0.253375887870789
2008-05-28 19.569833 -155.08065 0.5 19.6 -154.9 -0.0294500589370728
2008-06-02 19.569833 -155.08065 0.6 19.6 -154.9 -0.0578213334083557
2008-06-03 19.569833 -155.08065 0.4 19.6 -154.9 0.119902029633522
2008-06-05 19.569833 -155.08065 0.9 19.6 -154.9 0.172695115208626
2008-06-13 19.569833 -155.08065 0 19.6 -154.9 0.229518249630928
2008-06-14 19.569833 -155.08065 0.1 19.6 -154.9 0.206305339932442
2008-06-17 19.569833 -155.08065 11.3 19.6 -154.9 0.0901605635881424
2008-06-26 19.569833 -155.08065 1.8 19.6 -154.9 0.106482088565826
2008-07-02 19.569833 -155.08065 0.5 19.6 -154.9 0.109827026724815
2008-07-03 19.569833 -155.08065 0.8 19.6 -154.9 0.206305339932442
2008-07-05 19.569833 -155.08065 3.5 19.6 -154.9 -0.0136121362447739
2008-07-06 19.569833 -155.08065 2.8 19.6 -154.9 0.217831268906593
2008-07-09 19.569833 -155.08065 0.6 19.6 -154.9 -0.0836133733391762
2008-07-12 19.569833 -155.08065 2.2 19.6 -154.9 0.0527621060609818
2008-07-13 19.569833 -155.08065 2.8 19.6 -154.9 0.00605429708957672
2008-07-14 19.569833 -155.08065 2.2 19.6 -154.9 -0.0565317161381245
2008-07-21 19.569833 -155.08065 0 19.6 -154.9 0.0564428381621838
2008-07-22 19.569833 -155.08065 0 19.6 -154.9 0.0805691331624985
2008-07-27 19.569833 -155.08065 1.1 19.6 -154.9 0.00150038301944733
2008-07-30 19.569833 -155.08065 0.5 19.6 -154.9 0.0618699043989182
2008-08-01 19.569833 -155.08065 1 19.6 -154.9 0.135336950421333
2008-08-20 19.569833 -155.08065 0.9 19.6 -154.9 -0.0455298013985157
2008-08-23 19.569833 -155.08065 1.5 19.6 -154.9 0.0999131947755814
2008-08-27 19.569833 -155.08065 1.2 19.6 -154.9 0.130138233304024
2008-08-31 19.569833 -155.08065 0 19.6 -154.9 0.194940730929375
2008-09-08 19.569833 -155.08065 0.2 19.6 -154.9 0.0805691331624985
2008-09-13 19.569833 -155.08065 12.5 19.6 -154.9 0.229518249630928
2008-09-28 19.569833 -155.08065 0 19.6 -154.9 -0.0578213334083557
2008-10-09 19.569833 -155.08065 3 19.6 -154.9 0.119902029633522
2008-10-26 19.569833 -155.08065 5 19.6 -154.9 0.161814108490944
2008-11-06 19.569833 -155.08065 5 19.6 -154.9 -0.101264819502831
2008-11-16 19.569833 -155.08065 5.6 19.6 -154.9 -0.0710397511720657
2008-11-30 19.569833 -155.08065 5.5 19.6 -154.9 0.071138933300972
2008-12-04 19.569833 -155.08065 7.7 19.6 -154.9 0.151094272732735
2008-12-05 19.569833 -155.08065 4.3 19.6 -154.9 -0.157362520694733
2009-01-16 19.569833 -155.08065 18.5 19.6 -154.9 0.0805691331624985
2009-01-20 19.569833 -155.08065 20.9 19.6 -154.9 0.0631595179438591
2009-01-21 19.569833 -155.08065 8.7 19.6 -154.9 0.00964100658893585
2009-01-22 19.569833 -155.08065 6 19.6 -154.9 0.109827026724815
2009-01-29 19.569833 -155.08065 7.1 19.6 -154.9 0.109827026724815
2009-01-30 19.569833 -155.08065 6.2 19.6 -154.9 0.119902029633522
2009-01-31 19.569833 -155.08065 6.6 19.6 -154.9 0.382336139678955
2009-02-17 19.569833 -155.08065 9.2 19.6 -154.9 0.130138233304024
2009-02-28 19.569833 -155.08065 7.5 19.6 -154.9 0.0999131947755814
2009-04-07 19.569833 -155.08065 5.1 19.6 -154.9 0.271873623132706
2009-04-16 19.569833 -155.08065 4.7 19.6 -154.9 0.241366490721703
2009-04-17 19.569833 -155.08065 11.3 19.6 -154.9 0.241366490721703
2009-05-08 19.569833 -155.08065 5 19.6 -154.9 0.00150038301944733
2009-05-13 19.569833 -155.08065 8.4 19.6 -154.9 0.206305339932442
2009-05-14 19.569833 -155.08065 6.9 19.6 -154.9 0.161814108490944
2009-05-25 19.569833 -155.08065 29.5 19.6 -154.9 0.11998263001442
2009-05-27 19.569833 -155.08065 27.2 19.6 -154.9 0.229518249630928
2009-05-30 19.569833 -155.08065 7.3 19.6 -154.9 0.217831268906593
2009-05-31 19.569833 -155.08065 6.6 19.6 -154.9 0.119902029633522
2009-06-02 19.569833 -155.08065 6 19.6 -154.9 0.071138933300972
2009-06-03 19.569833 -155.08065 4.5 19.6 -154.9 0.0901605635881424
2009-06-04 19.569833 -155.08065 6.5 19.6 -154.9 0.0527621060609818
2009-06-09 19.569833 -155.08065 3.2 19.6 -154.9 0.0264058411121368
2009-06-10 19.569833 -155.08065 4.6 19.6 -154.9 -0.0509703159332275
2009-06-16 19.569833 -155.08065 6.7 19.6 -154.9 0.253375887870789
2009-06-20 19.569833 -155.08065 6.3 19.6 -154.9 0.341955482959747
2009-06-21 19.569833 -155.08065 5.3 19.6 -154.9 0.140535667538643
2009-06-28 19.569833 -155.08065 4.9 19.6 -154.9 0.140535667538643
2009-06-29 19.569833 -155.08065 5.1 19.6 -154.9 0.0516739934682846
2009-06-30 19.569833 -155.08065 4.3 19.6 -154.9 0.0323299467563629
2009-07-02 19.569833 -155.08065 4.4 19.6 -154.9 0.18373729288578
2009-07-08 19.569833 -155.08065 6.6 19.6 -154.9 0.0771436169743538
2009-07-12 19.569833 -155.08065 6.3 19.6 -154.9 0.109827026724815
2009-07-21 19.569833 -155.08065 7.2 19.6 -154.9 0.071138933300972
2009-07-24 19.569833 -155.08065 6.8 19.6 -154.9 0.140535667538643
2009-08-09 19.569833 -155.08065 6.5 19.6 -154.9 0.151094272732735
2009-08-11 19.569833 -155.08065 11.3 19.6 -154.9 0.303025603294373
2009-08-14 19.569833 -155.08065 6.4 19.6 -154.9 0.0999131947755814
2009-08-17 19.569833 -155.08065 8.2 19.6 -154.9 0.328817665576935
2009-08-18 19.569833 -155.08065 5.7 19.6 -154.9 0.140535667538643
2009-08-19 19.569833 -155.08065 6 19.6 -154.9 0.0618699043989182
2009-08-27 19.569833 -155.08065 5.3 19.6 -154.9 0.161814108490944
2009-08-31 19.569833 -155.08065 5.1 19.6 -154.9 0.00150038301944733
2009-09-13 19.569833 -155.08065 5 19.6 -154.9 -0.0774071589112282
2009-09-16 19.569833 -155.08065 3.6 19.6 -154.9 0.172695115208626
2009-09-27 19.569833 -155.08065 6.3 19.6 -154.9 0.0805691331624985
2009-10-15 19.569833 -155.08065 5.9 19.6 -154.9 0.0528426915407181
2009-10-16 19.569833 -155.08065 4.6 19.6 -154.9 -0.0219542533159256
2009-10-17 19.569833 -155.08065 5.5 19.6 -154.9 0.241366490721703
2009-10-24 19.569833 -155.08065 6.6 19.6 -154.9 0.18373729288578
2009-10-25 19.569833 -155.08065 5.7 19.6 -154.9 0.0179428309202194
2009-11-02 19.569833 -155.08065 5.4 19.6 -154.9 0.0999937951564789
2009-11-04 19.569833 -155.08065 4.9 19.6 -154.9 0.0901605635881424
2009-12-02 19.569833 -155.08065 13.9 19.6 -154.9 -0.0578213334083557
2009-12-03 19.569833 -155.08065 23 19.6 -154.9 0.130138233304024
2009-12-04 19.569833 -155.08065 13.2 19.6 -154.9 -0.00647903978824615
2009-12-10 19.569833 -155.08065 10.2 19.6 -154.9 0.0805691331624985
2009-12-11 19.569833 -155.08065 8 19.6 -154.9 0.0264058411121368
2009-12-12 19.569833 -155.08065 7.4 19.6 -154.9 0.130138233304024
2009-12-14 19.569833 -155.08065 11.8 19.6 -154.9 -0.188393577933311
2009-12-21 19.569833 -155.08065 5.2 19.6 -154.9 -0.141242489218712
2009-12-22 19.569833 -155.08065 7.5 19.6 -154.9 0.043815478682518
2009-12-23 19.569833 -155.08065 6.5 19.6 -154.9 0.194940730929375
2009-12-24 19.569833 -155.08065 13.6 19.6 -154.9 -0.176706552505493
