"date" "lat_aod" "long_aod" "value_aod" "lat_pm" "long_pm" "value_pm"
"1" 2006-01-03 33.7 -118.2 0.172695115208626 33.79236 -118.17533 9.7
"2" 2006-01-05 33.7 -118.2 0.00150038301944733 33.79236 -118.17533 10.5
"3" 2006-01-06 33.7 -118.2 -0.0774071589112282 33.79236 -118.17533 12.9
"4" 2006-01-07 33.7 -118.2 0.151094272732735 33.79236 -118.17533 20.2
"5" 2006-01-12 33.7 -118.2 0.0805691331624985 33.79236 -118.17533 20.7
"6" 2006-01-13 33.7 -118.2 0.172695115208626 33.79236 -118.17533 21.3
"7" 2006-01-15 33.7 -118.2 -0.0257021561264992 33.79236 -118.17533 3.4
"8" 2006-01-20 33.7 -118.2 0.0527621060609818 33.79236 -118.17533 12
"9" 2006-01-22 33.7 -118.2 0.109827026724815 33.79236 -118.17533 17.4
"10" 2006-01-23 33.7 -118.2 0.109827026724815 33.79236 -118.17533 6.8
"11" 2006-01-25 33.7 -118.2 0.0350300520658493 33.79236 -118.17533 11.6
"12" 2006-02-01 33.7 -118.2 0.151094272732735 33.79236 -118.17533 15.7
"13" 2006-02-10 33.7 -118.2 0.151094272732735 33.79236 -118.17533 21.2
"14" 2006-02-11 33.7 -118.2 0.206305339932442 33.79236 -118.17533 53.6
"15" 2006-02-12 33.7 -118.2 0.071138933300972 33.79236 -118.17533 14.5
"16" 2006-02-13 33.7 -118.2 0.0264058411121368 33.79236 -118.17533 21.9
"17" 2006-02-20 33.7 -118.2 0.0858484655618668 33.79236 -118.17533 12.8
"18" 2006-02-21 33.7 -118.2 0.109827026724815 33.79236 -118.17533 13.8
"19" 2006-02-22 33.7 -118.2 0.0264058411121368 33.79236 -118.17533 17.2
"20" 2006-02-23 33.7 -118.2 -0.051977813243866 33.79236 -118.17533 23
"21" 2006-02-24 33.7 -118.2 0.130138233304024 33.79236 -118.17533 24.1
"22" 2006-03-02 33.7 -118.2 0.130138233304024 33.79236 -118.17533 6.5
"23" 2006-03-04 33.7 -118.2 0.00150038301944733 33.79236 -118.17533 9.8
"24" 2006-03-08 33.7 -118.2 -0.0896583795547485 33.79236 -118.17533 6.7
"25" 2006-03-13 33.7 -118.2 0.109907612204552 33.79236 -118.17533 11.4
"26" 2006-03-15 33.7 -118.2 -0.0710397511720657 33.79236 -118.17533 7
"27" 2006-03-21 33.7 -118.2 0.0805691331624985 33.79236 -118.17533 5.2
"28" 2006-03-22 33.7 -118.2 0.153995916247368 33.79236 -118.17533 10.4
"29" 2006-03-23 33.7 -118.2 0.109827026724815 33.79236 -118.17533 5.7
"30" 2006-03-30 33.7 -118.2 0.00964100658893585 33.79236 -118.17533 6
"31" 2006-04-08 33.7 -118.2 0.0179428309202194 33.79236 -118.17533 6.8
"32" 2006-04-09 33.7 -118.2 0.229518249630928 33.79236 -118.17533 6
"33" 2006-04-12 33.7 -118.2 0.0901605635881424 33.79236 -118.17533 7.4
"34" 2006-04-13 33.7 -118.2 0.151819661259651 33.79236 -118.17533 8.7
"35" 2006-04-23 33.7 -118.2 0.206305339932442 33.79236 -118.17533 4.7
"36" 2006-04-30 33.7 -118.2 0.315841019153595 33.79236 -118.17533 23.1
"37" 2006-05-10 33.7 -118.2 0.410062551498413 33.79236 -118.17533 27.3
"38" 2006-05-13 33.7 -118.2 0.0901605635881424 33.79236 -118.17533 16.8
"39" 2006-05-30 33.7 -118.2 0.151094272732735 33.79236 -118.17533 10.9
"40" 2006-05-31 33.7 -118.2 0.241245567798615 33.79236 -118.17533 11.9
"41" 2006-06-01 33.7 -118.2 0.130138233304024 33.79236 -118.17533 16.1
"42" 2006-06-09 33.7 -118.2 0.217831268906593 33.79236 -118.17533 7.3
"43" 2006-06-11 33.7 -118.2 0.130138233304024 33.79236 -118.17533 8.7
"44" 2006-06-13 33.7 -118.2 0.0901605635881424 33.79236 -118.17533 8.2
"45" 2006-06-18 33.7 -118.2 0.172695115208626 33.79236 -118.17533 14.4
"46" 2006-06-19 33.7 -118.2 0.140535667538643 33.79236 -118.17533 16.2
"47" 2006-06-20 33.7 -118.2 0.0803676396608353 33.79236 -118.17533 19.6
"48" 2006-06-21 33.7 -118.2 0.0901605635881424 33.79236 -118.17533 16.8
"49" 2006-07-10 33.7 -118.2 0.0901605635881424 33.79236 -118.17533 15.1
"50" 2006-07-13 33.7 -118.2 0.241366490721703 33.79236 -118.17533 9.3
"51" 2006-07-18 33.7 -118.2 0.217831268906593 33.79236 -118.17533 14.6
"52" 2006-07-19 33.7 -118.2 0.161814108490944 33.79236 -118.17533 11.8
"53" 2006-07-20 33.7 -118.2 0.172695115208626 33.79236 -118.17533 12.6
"54" 2006-07-28 33.7 -118.2 0.265546500682831 33.79236 -118.17533 10.9
"55" 2006-07-29 33.7 -118.2 0.410062551498413 33.79236 -118.17533 7
"56" 2006-07-30 33.7 -118.2 0.172695115208626 33.79236 -118.17533 8.2
"57" 2006-08-06 33.7 -118.2 0.130138233304024 33.79236 -118.17533 7.9
"58" 2006-08-07 33.7 -118.2 0.0901605635881424 33.79236 -118.17533 10.2
"59" 2006-08-08 33.7 -118.2 0.0805691331624985 33.79236 -118.17533 12.5
"60" 2006-08-09 33.7 -118.2 0.0901605635881424 33.79236 -118.17533 14.9
"61" 2006-08-17 33.7 -118.2 0.130218848586082 33.79236 -118.17533 14.1
"62" 2006-08-18 33.7 -118.2 0.0618699043989182 33.79236 -118.17533 15.3
"63" 2006-08-19 33.7 -118.2 0.0264058411121368 33.79236 -118.17533 14.8
"64" 2006-08-26 33.7 -118.2 0.0999131947755814 33.79236 -118.17533 16.6
"65" 2006-08-27 33.7 -118.2 0.0901605635881424 33.79236 -118.17533 9.5
"66" 2006-08-28 33.7 -118.2 0.0901605635881424 33.79236 -118.17533 15.8
"67" 2006-08-29 33.7 -118.2 0.0264058411121368 33.79236 -118.17533 19.8
"68" 2006-09-03 33.7 -118.2 0.0618699043989182 33.79236 -118.17533 14.8
"69" 2006-09-05 33.7 -118.2 0.130138233304024 33.79236 -118.17533 16.7
"70" 2006-09-06 33.7 -118.2 0.130138233304024 33.79236 -118.17533 14.2
"71" 2006-09-07 33.7 -118.2 0.315841019153595 33.79236 -118.17533 13.2
"72" 2006-09-08 33.7 -118.2 0.172695115208626 33.79236 -118.17533 14.1
"73" 2006-09-12 33.7 -118.2 0.438433945178986 33.79236 -118.17533 18.8
"74" 2006-09-15 33.7 -118.2 0.151094272732735 33.79236 -118.17533 9.8
"75" 2006-09-16 33.7 -118.2 0.274130403995514 33.79236 -118.17533 11.6
"76" 2006-09-17 33.7 -118.2 0.093062162399292 33.79236 -118.17533 15.7
"77" 2006-09-18 33.7 -118.2 -0.0439580827951431 33.79236 -118.17533 17.5
"78" 2006-09-21 33.7 -118.2 0.229518249630928 33.79236 -118.17533 12.1
"79" 2006-09-24 33.7 -118.2 0.0999131947755814 33.79236 -118.17533 10.6
"80" 2006-09-25 33.7 -118.2 0.156937763094902 33.79236 -118.17533 13.8
"81" 2006-09-26 33.7 -118.2 0.109827026724815 33.79236 -118.17533 17.4
"82" 2006-09-27 33.7 -118.2 0.109827026724815 33.79236 -118.17533 16.4
"83" 2006-10-04 33.7 -118.2 0.0264058411121368 33.79236 -118.17533 9.8
"84" 2006-10-05 33.7 -118.2 0.0618699043989182 33.79236 -118.17533 6.3
"85" 2006-10-06 33.7 -118.2 0.119902029633522 33.79236 -118.17533 6.2
"86" 2006-10-07 33.7 -118.2 0.0999131947755814 33.79236 -118.17533 10.2
"87" 2006-10-08 33.7 -118.2 0.00150038301944733 33.79236 -118.17533 15.9
"88" 2006-10-12 33.7 -118.2 -0.00647903978824615 33.79236 -118.17533 9.1
"89" 2006-10-21 33.7 -118.2 0.0618699043989182 33.79236 -118.17533 30.3
"90" 2006-10-25 33.7 -118.2 0.297182083129883 33.79236 -118.17533 32.2
"91" 2006-10-26 33.7 -118.2 0.186638951301575 33.79236 -118.17533 20.9
"92" 2006-11-04 33.7 -118.2 0.0999131947755814 33.79236 -118.17533 17.5
"93" 2006-11-06 33.7 -118.2 -0.0294500589370728 33.79236 -118.17533 16.5
"94" 2006-11-07 33.7 -118.2 -0.0645111352205276 33.79236 -118.17533 15.8
"95" 2006-11-14 33.7 -118.2 0.109827026724815 33.79236 -118.17533 16.6
"96" 2006-11-15 33.7 -118.2 0.00964100658893585 33.79236 -118.17533 12.1
"97" 2006-11-16 33.7 -118.2 -0.0387593954801559 33.79236 -118.17533 16.4
"98" 2006-11-20 33.7 -118.2 -0.0367846786975861 33.79236 -118.17533 24.6
"99" 2006-11-24 33.7 -118.2 0.265546500682831 33.79236 -118.17533 35.2
"100" 2006-11-25 33.7 -118.2 0.161814108490944 33.79236 -118.17533 15.8
"101" 2006-11-26 33.7 -118.2 0.00150038301944733 33.79236 -118.17533 12.5
"102" 2006-11-29 33.7 -118.2 0.0527621060609818 33.79236 -118.17533 7.9
"103" 2006-12-03 33.7 -118.2 0.0231415331363678 33.79236 -118.17533 7
"104" 2006-12-05 33.7 -118.2 0.00964100658893585 33.79236 -118.17533 14.5
"105" 2006-12-06 33.7 -118.2 0.0350300520658493 33.79236 -118.17533 30.2
"106" 2006-12-14 33.7 -118.2 0.0805691331624985 33.79236 -118.17533 25.1
"107" 2006-12-22 33.7 -118.2 0.0618699043989182 33.79236 -118.17533 16.1
"108" 2006-12-23 33.7 -118.2 0.0618699043989182 33.79236 -118.17533 18.3
"109" 2006-12-24 33.7 -118.2 0.0264058411121368 33.79236 -118.17533 31.5
"110" 2006-12-25 33.7 -118.2 0.00964100658893585 33.79236 -118.17533 27.2
"111" 2007-01-03 33.7 -118.2 0.0350300520658493 33.79236 -118.17533 13.2
"112" 2007-01-12 33.7 -118.2 0.0527621060609818 33.79236 -118.17533 5.5
"113" 2007-01-21 33.7 -118.2 0.119902029633522 33.79236 -118.17533 16.3
"114" 2007-01-24 33.7 -118.2 -0.0955421850085258 33.79236 -118.17533 28.9
"115" 2007-01-25 33.7 -118.2 0.0527621060609818 33.79236 -118.17533 28.3
"116" 2007-02-11 33.7 -118.2 0.043815478682518 33.79236 -118.17533 4.4
"117" 2007-02-19 33.7 -118.2 0.130138233304024 33.79236 -118.17533 5.7
"118" 2007-02-20 33.7 -118.2 0.119902029633522 33.79236 -118.17533 9.7
"119" 2007-02-21 33.7 -118.2 0.0264058411121368 33.79236 -118.17533 11.1
"120" 2007-02-22 33.7 -118.2 0.0901605635881424 33.79236 -118.17533 3.8
"121" 2007-03-11 33.7 -118.2 0.368714690208435 33.79236 -118.17533 15.5
"122" 2007-03-12 33.7 -118.2 0.0264058411121368 33.79236 -118.17533 17.6
"123" 2007-03-13 33.7 -118.2 -0.0219542533159256 33.79236 -118.17533 13.6
"124" 2007-03-14 33.7 -118.2 -0.0439580827951431 33.79236 -118.17533 15.2
"125" 2007-03-21 33.7 -118.2 0.18373729288578 33.79236 -118.17533 5.3
"126" 2007-03-22 33.7 -118.2 0.119902029633522 33.79236 -118.17533 7.6
"127" 2007-03-23 33.7 -118.2 -0.0294500589370728 33.79236 -118.17533 7.6
"128" 2007-03-30 33.7 -118.2 0.0999131947755814 33.79236 -118.17533 10.7
"129" 2007-03-31 33.7 -118.2 0.140535667538643 33.79236 -118.17533 20
"130" 2007-04-01 33.7 -118.2 0.140535667538643 33.79236 -118.17533 22.2
"131" 2007-04-10 33.7 -118.2 0.229518249630928 33.79236 -118.17533 9.2
"132" 2007-04-18 33.7 -118.2 0.140535667538643 33.79236 -118.17533 6.4
"133" 2007-04-21 33.7 -118.2 0.0805691331624985 33.79236 -118.17533 5.9
"134" 2007-05-01 33.7 -118.2 0.27787834405899 33.79236 -118.17533 11.7
"135" 2007-05-08 33.7 -118.2 0.161814108490944 33.79236 -118.17533 11.5
"136" 2007-05-09 33.7 -118.2 0.194940730929375 33.79236 -118.17533 13.3
"137" 2007-05-10 33.7 -118.2 0.071138933300972 33.79236 -118.17533 13.7
"138" 2007-05-27 33.7 -118.2 0.185026958584785 33.79236 -118.17533 12.3
"139" 2007-05-29 33.7 -118.2 0.119902029633522 33.79236 -118.17533 8.5
"140" 2007-05-30 33.7 -118.2 0.140535667538643 33.79236 -118.17533 12.5
"141" 2007-05-31 33.7 -118.2 0.0901605635881424 33.79236 -118.17533 14.9
"142" 2007-06-08 33.7 -118.2 0.142550647258759 33.79236 -118.17533 9.7
"143" 2007-06-16 33.7 -118.2 0.217831268906593 33.79236 -118.17533 12.9
"144" 2007-06-17 33.7 -118.2 0.121191620826721 33.79236 -118.17533 14.1
"145" 2007-06-18 33.7 -118.2 0.0618699043989182 33.79236 -118.17533 11.5
"146" 2007-06-21 33.7 -118.2 0.0527621060609818 33.79236 -118.17533 11.7
"147" 2007-06-25 33.7 -118.2 0.141825243830681 33.79236 -118.17533 13.2
"148" 2007-06-29 33.7 -118.2 0.0901605635881424 33.79236 -118.17533 12.6
"149" 2007-07-03 33.7 -118.2 0.0527621060609818 33.79236 -118.17533 11.5
"150" 2007-07-08 33.7 -118.2 0.0805691331624985 33.79236 -118.17533 10.9
"151" 2007-07-12 33.7 -118.2 0.0618699043989182 33.79236 -118.17533 6.9
"152" 2007-07-16 33.7 -118.2 0.140535667538643 33.79236 -118.17533 14.2
"153" 2007-07-20 33.7 -118.2 0.0350300520658493 33.79236 -118.17533 10.3
"154" 2007-07-25 33.7 -118.2 0.0618699043989182 33.79236 -118.17533 15.5
"155" 2007-07-29 33.7 -118.2 0.0805691331624985 33.79236 -118.17533 11.6
"156" 2007-08-02 33.7 -118.2 0.194940730929375 33.79236 -118.17533 16.9
"157" 2007-08-06 33.7 -118.2 0.0805691331624985 33.79236 -118.17533 9.3
"158" 2007-08-19 33.7 -118.2 0.0618699043989182 33.79236 -118.17533 15.5
"159" 2007-08-24 33.7 -118.2 0.217831268906593 33.79236 -118.17533 15.8
"160" 2007-09-01 33.7 -118.2 0.161814108490944 33.79236 -118.17533 12.7
"161" 2007-09-02 33.7 -118.2 0.172695115208626 33.79236 -118.17533 14.3
"162" 2007-09-03 33.7 -118.2 0.130138233304024 33.79236 -118.17533 17.2
"163" 2007-09-04 33.7 -118.2 -0.0439580827951431 33.79236 -118.17533 12.2
"164" 2007-09-12 33.7 -118.2 0.0901605635881424 33.79236 -118.17533 12.3
"165" 2007-09-13 33.7 -118.2 0.0618699043989182 33.79236 -118.17533 11.1
"166" 2007-09-14 33.7 -118.2 -0.0294500589370728 33.79236 -118.17533 10.3
"167" 2007-09-22 33.7 -118.2 0.140535667538643 33.79236 -118.17533 3
"168" 2007-09-23 33.7 -118.2 0.0264058411121368 33.79236 -118.17533 5.9
"169" 2007-09-24 33.7 -118.2 -0.0142972469329834 33.79236 -118.17533 8.5
"170" 2007-10-01 33.7 -118.2 0.119902029633522 33.79236 -118.17533 11
"171" 2007-10-02 33.7 -118.2 0.0805691331624985 33.79236 -118.17533 15.2
"172" 2007-10-03 33.7 -118.2 -0.0509703159332275 33.79236 -118.17533 18.7
"173" 2007-10-04 33.7 -118.2 0.172695115208626 33.79236 -118.17533 9.5
"174" 2007-10-10 33.7 -118.2 0.0805691331624985 33.79236 -118.17533 7
"175" 2007-10-11 33.7 -118.2 0.140535667538643 33.79236 -118.17533 8.2
"176" 2007-10-12 33.7 -118.2 0.071138933300972 33.79236 -118.17533 6.8
"177" 2007-10-13 33.7 -118.2 0.0999131947755814 33.79236 -118.17533 6.2
"178" 2007-10-14 33.7 -118.2 -0.00647903978824615 33.79236 -118.17533 12.1
"179" 2007-10-20 33.7 -118.2 0.130138233304024 33.79236 -118.17533 10.8
"180" 2007-10-21 33.7 -118.2 0.18373729288578 33.79236 -118.17533 18.3
"181" 2007-10-23 33.7 -118.2 1.0796080827713 33.79236 -118.17533 29.7
"182" 2007-10-30 33.7 -118.2 0.109827026724815 33.79236 -118.17533 10.1
"183" 2007-10-31 33.7 -118.2 0.119902029633522 33.79236 -118.17533 15.2
"184" 2007-11-02 33.7 -118.2 0.241366490721703 33.79236 -118.17533 42.9
"185" 2007-11-10 33.7 -118.2 0.0999131947755814 33.79236 -118.17533 9.3
"186" 2007-11-12 33.7 -118.2 -0.101264819502831 33.79236 -118.17533 26.2
"187" 2007-11-19 33.7 -118.2 0.265546500682831 33.79236 -118.17533 67.9
"188" 2007-11-21 33.7 -118.2 0.0350300520658493 33.79236 -118.17533 28.5
"189" 2007-12-01 33.7 -118.2 -0.0294500589370728 33.79236 -118.17533 6.2
"190" 2007-12-08 33.7 -118.2 0.109827026724815 33.79236 -118.17533 6.4
"191" 2007-12-09 33.7 -118.2 0.0805691331624985 33.79236 -118.17533 8.3
"192" 2007-12-10 33.7 -118.2 -0.0367846786975861 33.79236 -118.17533 12.5
"193" 2007-12-11 33.7 -118.2 -0.0142972469329834 33.79236 -118.17533 6.3
"194" 2007-12-30 33.7 -118.2 0.229518249630928 33.79236 -118.17533 32.8
"195" 2008-01-15 33.7 -118.2 0.0266879424452782 33.79236 -118.17533 16.6
"196" 2008-01-16 33.7 -118.2 0.119902029633522 33.79236 -118.17533 13.3
"197" 2008-01-17 33.7 -118.2 0.071138933300972 33.79236 -118.17533 7.3
"198" 2008-01-18 33.7 -118.2 0.0179428309202194 33.79236 -118.17533 15.2
"199" 2008-01-26 33.7 -118.2 0.151094272732735 33.79236 -118.17533 5.6
"200" 2008-01-28 33.7 -118.2 0.0527621060609818 33.79236 -118.17533 3.2
"201" 2008-02-05 33.7 -118.2 0.071138933300972 33.79236 -118.17533 9.7
"202" 2008-02-06 33.7 -118.2 0.0264864414930344 33.79236 -118.17533 14.5
"203" 2008-02-07 33.7 -118.2 -0.0439580827951431 33.79236 -118.17533 18
"204" 2008-02-11 33.7 -118.2 0.140535667538643 33.79236 -118.17533 27.8
"205" 2008-02-14 33.7 -118.2 0.130138233304024 33.79236 -118.17533 16.6
"206" 2008-02-15 33.7 -118.2 0.0445408821105957 33.79236 -118.17533 8.4
"207" 2008-02-16 33.7 -118.2 -0.00647903978824615 33.79236 -118.17533 10.9
"208" 2008-02-25 33.7 -118.2 0.265546500682831 33.79236 -118.17533 9.1
"209" 2008-02-26 33.7 -118.2 0.043815478682518 33.79236 -118.17533 10.5
"210" 2008-02-28 33.7 -118.2 0.206305339932442 33.79236 -118.17533 11.2
"211" 2008-03-03 33.7 -118.2 0.0527621060609818 33.79236 -118.17533 12.5
"212" 2008-03-04 33.7 -118.2 0.161814108490944 33.79236 -118.17533 11
"213" 2008-03-05 33.7 -118.2 0.194940730929375 33.79236 -118.17533 13
"214" 2008-03-07 33.7 -118.2 -0.0419430993497372 33.79236 -118.17533 18.2
"215" 2008-03-13 33.7 -118.2 0.194940730929375 33.79236 -118.17533 10
"216" 2008-03-14 33.7 -118.2 0.0877828598022461 33.79236 -118.17533 9.2
"217" 2008-03-15 33.7 -118.2 0.217831268906593 33.79236 -118.17533 6.2
"218" 2008-03-16 33.7 -118.2 0.101202785968781 33.79236 -118.17533 5.2
"219" 2008-03-17 33.7 -118.2 0.172695115208626 33.79236 -118.17533 7.5
"220" 2008-03-21 33.7 -118.2 0.18373729288578 33.79236 -118.17533 13.3
"221" 2008-03-22 33.7 -118.2 0.0805691331624985 33.79236 -118.17533 13.6
"222" 2008-03-23 33.7 -118.2 0.136304154992104 33.79236 -118.17533 11.6
"223" 2008-03-24 33.7 -118.2 0.172695115208626 33.79236 -118.17533 13.7
"224" 2008-03-26 33.7 -118.2 0.0527621060609818 33.79236 -118.17533 12.1
"225" 2008-03-31 33.7 -118.2 0.0805691331624985 33.79236 -118.17533 9.5
"226" 2008-04-02 33.7 -118.2 0.119902029633522 33.79236 -118.17533 8.1
"227" 2008-04-07 33.7 -118.2 0.382336139678955 33.79236 -118.17533 8.9
"228" 2008-04-08 33.7 -118.2 0.130138233304024 33.79236 -118.17533 9.3
"229" 2008-04-11 33.7 -118.2 0.115348115563393 33.79236 -118.17533 12.9
"230" 2008-04-12 33.7 -118.2 0.135336950421333 33.79236 -118.17533 10.8
"231" 2008-04-13 33.7 -118.2 0.0618699043989182 33.79236 -118.17533 9.1
"232" 2008-04-14 33.7 -118.2 0.130138233304024 33.79236 -118.17533 12.7
"233" 2008-04-15 33.7 -118.2 0.0618699043989182 33.79236 -118.17533 10.1
"234" 2008-04-16 33.7 -118.2 0.161814108490944 33.79236 -118.17533 10.1
"235" 2008-04-17 33.7 -118.2 0.109827026724815 33.79236 -118.17533 13.7
"236" 2008-04-22 33.7 -118.2 0.27787834405899 33.79236 -118.17533 10.8
"237" 2008-04-23 33.7 -118.2 0.151094272732735 33.79236 -118.17533 8.9
"238" 2008-04-24 33.7 -118.2 0.130138233304024 33.79236 -118.17533 8.6
"239" 2008-04-25 33.7 -118.2 0.217831268906593 33.79236 -118.17533 11.6
"240" 2008-04-27 33.7 -118.2 0.119902029633522 33.79236 -118.17533 15.2
"241" 2008-05-01 33.7 -118.2 0.315841019153595 33.79236 -118.17533 12.4
"242" 2008-05-02 33.7 -118.2 0.125020131468773 33.79236 -118.17533 12.3
"243" 2008-05-03 33.7 -118.2 0.172614529728889 33.79236 -118.17533 12.9
"244" 2008-05-04 33.7 -118.2 0.071138933300972 33.79236 -118.17533 11.5
"245" 2008-05-09 33.7 -118.2 0.206305339932442 33.79236 -118.17533 11.8
"246" 2008-05-11 33.7 -118.2 0.410062551498413 33.79236 -118.17533 14.3
"247" 2008-05-12 33.7 -118.2 0.229518249630928 33.79236 -118.17533 10.5
"248" 2008-05-17 33.7 -118.2 0.0805691331624985 33.79236 -118.17533 12.3
"249" 2008-05-18 33.7 -118.2 0.0527621060609818 33.79236 -118.17533 14.1
"250" 2008-05-19 33.7 -118.2 0.109827026724815 33.79236 -118.17533 10.7
"251" 2008-05-20 33.7 -118.2 0.0999131947755814 33.79236 -118.17533 11.5
"252" 2008-05-21 33.7 -118.2 0.253375887870789 33.79236 -118.17533 13.9
"253" 2008-05-22 33.7 -118.2 0.172695115208626 33.79236 -118.17533 14.6
"254" 2008-05-26 33.7 -118.2 0.0527621060609818 33.79236 -118.17533 5.2
"255" 2008-05-28 33.7 -118.2 0.0901605635881424 33.79236 -118.17533 9.3
"256" 2008-06-06 33.7 -118.2 0.140535667538643 33.79236 -118.17533 12.6
"257" 2008-06-07 33.7 -118.2 0.0451050698757172 33.79236 -118.17533 11.5
"258" 2008-06-08 33.7 -118.2 0.0901605635881424 33.79236 -118.17533 13.8
"259" 2008-06-09 33.7 -118.2 0.303025603294373 33.79236 -118.17533 17.7
"260" 2008-06-12 33.7 -118.2 0.0901605635881424 33.79236 -118.17533 11.1
"261" 2008-06-14 33.7 -118.2 0.151094272732735 33.79236 -118.17533 16.4
"262" 2008-06-15 33.7 -118.2 0.0712195187807083 33.79236 -118.17533 17.1
"263" 2008-06-19 33.7 -118.2 0.0805691331624985 33.79236 -118.17533 12.8
"264" 2008-06-20 33.7 -118.2 0.217871516942978 33.79236 -118.17533 13.9
"265" 2008-06-22 33.7 -118.2 0.109827026724815 33.79236 -118.17533 11.3
"266" 2008-06-23 33.7 -118.2 0.071138933300972 33.79236 -118.17533 13.9
"267" 2008-06-24 33.7 -118.2 0.0589280128479004 33.79236 -118.17533 16.5
"268" 2008-06-28 33.7 -118.2 0.221350744366646 33.79236 -118.17533 19.8
"269" 2008-06-29 33.7 -118.2 0.0641804486513138 33.79236 -118.17533 16.3
"270" 2008-06-30 33.7 -118.2 0.0901605635881424 33.79236 -118.17533 11.5
"271" 2008-07-01 33.7 -118.2 0.0805691331624985 33.79236 -118.17533 12.5
"272" 2008-07-02 33.7 -118.2 0.0410347580909729 33.79236 -118.17533 18.9
"273" 2008-07-03 33.7 -118.2 0.0527621060609818 33.79236 -118.17533 16
"274" 2008-07-07 33.7 -118.2 0.212551891803741 33.79236 -118.17533 19.4
"275" 2008-07-08 33.7 -118.2 0.497110784053802 33.79236 -118.17533 16.7
"276" 2008-07-15 33.7 -118.2 0.172695115208626 33.79236 -118.17533 14
"277" 2008-07-18 33.7 -118.2 0.229518249630928 33.79236 -118.17533 17.6
"278" 2008-07-19 33.7 -118.2 0.151819661259651 33.79236 -118.17533 10.7
"279" 2008-07-26 33.7 -118.2 0.206305339932442 33.79236 -118.17533 14.3
"280" 2008-07-27 33.7 -118.2 0.0901605635881424 33.79236 -118.17533 11.7
"281" 2008-07-28 33.7 -118.2 0.157421380281448 33.79236 -118.17533 14.5
"282" 2008-08-01 33.7 -118.2 0.0527621060609818 33.79236 -118.17533 15.7
"283" 2008-08-02 33.7 -118.2 0.043815478682518 33.79236 -118.17533 13.4
"284" 2008-08-04 33.7 -118.2 0.0805691331624985 33.79236 -118.17533 13.5
"285" 2008-08-05 33.7 -118.2 0.0969847217202187 33.79236 -118.17533 10.8
"286" 2008-08-06 33.7 -118.2 0.110552400350571 33.79236 -118.17533 13.2
"287" 2008-08-07 33.7 -118.2 0.156937763094902 33.79236 -118.17533 12.5
"288" 2008-08-09 33.7 -118.2 0.071138933300972 33.79236 -118.17533 8.5
"289" 2008-08-10 33.7 -118.2 -0.0509703159332275 33.79236 -118.17533 10.1
"290" 2008-08-11 33.7 -118.2 0.043815478682518 33.79236 -118.17533 12.7
"291" 2008-08-12 33.7 -118.2 0.0527621060609818 33.79236 -118.17533 17.9
"292" 2008-08-13 33.7 -118.2 0.0179428309202194 33.79236 -118.17533 16.7
"293" 2008-08-15 33.7 -118.2 0.206305339932442 33.79236 -118.17533 11.1
"294" 2008-08-16 33.7 -118.2 0.071138933300972 33.79236 -118.17533 11.6
"295" 2008-08-17 33.7 -118.2 0.0527621060609818 33.79236 -118.17533 14.4
"296" 2008-08-18 33.7 -118.2 0.0264058411121368 33.79236 -118.17533 11.1
"297" 2008-08-19 33.7 -118.2 0.130138233304024 33.79236 -118.17533 9.3
"298" 2008-08-21 33.7 -118.2 0.0350300520658493 33.79236 -118.17533 7.7
"299" 2008-08-22 33.7 -118.2 0.00278999656438828 33.79236 -118.17533 8.5
"300" 2008-08-24 33.7 -118.2 0.18373729288578 33.79236 -118.17533 15.4
"301" 2008-08-25 33.7 -118.2 0.194940730929375 33.79236 -118.17533 10.2
"302" 2008-08-26 33.7 -118.2 0.0264058411121368 33.79236 -118.17533 15.1
"303" 2008-09-02 33.7 -118.2 0.140535667538643 33.79236 -118.17533 13
"304" 2008-09-03 33.7 -118.2 0.109827026724815 33.79236 -118.17533 16
"305" 2008-09-04 33.7 -118.2 0.0208444371819496 33.79236 -118.17533 13.4
"306" 2008-09-05 33.7 -118.2 0.154157102108002 33.79236 -118.17533 17.4
"307" 2008-09-13 33.7 -118.2 0.355254471302032 33.79236 -118.17533 19
"308" 2008-09-14 33.7 -118.2 0.241366490721703 33.79236 -118.17533 22.3
"309" 2008-09-15 33.7 -118.2 0.151094272732735 33.79236 -118.17533 16.7
"310" 2008-09-21 33.7 -118.2 0.119902029633522 33.79236 -118.17533 7.5
"311" 2008-09-22 33.7 -118.2 0.130138233304024 33.79236 -118.17533 12
"312" 2008-09-23 33.7 -118.2 0.151094272732735 33.79236 -118.17533 20.1
"313" 2008-09-24 33.7 -118.2 0.043815478682518 33.79236 -118.17533 20.1
"314" 2008-10-01 33.7 -118.2 0.168221786618233 33.79236 -118.17533 13.2
"315" 2008-10-05 33.7 -118.2 0.0618699043989182 33.79236 -118.17533 7.5
"316" 2008-10-06 33.7 -118.2 0.172695115208626 33.79236 -118.17533 13.7
"317" 2008-10-10 33.7 -118.2 0.119902029633522 33.79236 -118.17533 11.5
"318" 2008-10-11 33.7 -118.2 0.0999131947755814 33.79236 -118.17533 4.9
"319" 2008-10-12 33.7 -118.2 0.151094272732735 33.79236 -118.17533 8
"320" 2008-10-13 33.7 -118.2 0.265546500682831 33.79236 -118.17533 14.9
"321" 2008-10-14 33.7 -118.2 -0.0538719296455383 33.79236 -118.17533 17.3
"322" 2008-10-15 33.7 -118.2 0.161814108490944 33.79236 -118.17533 15.7
"323" 2008-10-20 33.7 -118.2 0.109827026724815 33.79236 -118.17533 14
"324" 2008-10-21 33.7 -118.2 0.140535667538643 33.79236 -118.17533 23.7
"325" 2008-10-22 33.7 -118.2 0.0999131947755814 33.79236 -118.17533 13.3
"326" 2008-10-23 33.7 -118.2 0.0905232951045036 33.79236 -118.17533 11.2
"327" 2008-11-02 33.7 -118.2 -0.0509703159332275 33.79236 -118.17533 5.4
"328" 2008-11-08 33.7 -118.2 0.0618699043989182 33.79236 -118.17533 14.8
"329" 2008-11-09 33.7 -118.2 0.244308352470398 33.79236 -118.17533 5.2
"330" 2008-11-12 33.7 -118.2 -0.0509703159332275 33.79236 -118.17533 20
"331" 2008-11-14 33.7 -118.2 0.161814108490944 33.79236 -118.17533 28.6
"332" 2008-11-18 33.7 -118.2 0.0853648483753204 33.79236 -118.17533 31.8
"333" 2008-11-19 33.7 -118.2 0.119902029633522 33.79236 -118.17533 27.3
"334" 2008-11-27 33.7 -118.2 0.0999131947755814 33.79236 -118.17533 9.7
"335" 2008-11-29 33.7 -118.2 0.0901605635881424 33.79236 -118.17533 27.4
"336" 2008-11-30 33.7 -118.2 0.0527621060609818 33.79236 -118.17533 27.4
"337" 2008-12-01 33.7 -118.2 0.161814108490944 33.79236 -118.17533 27.7
"338" 2008-12-05 33.7 -118.2 0.109827026724815 33.79236 -118.17533 30.1
"339" 2008-12-06 33.7 -118.2 0.071138933300972 33.79236 -118.17533 12.7
"340" 2008-12-09 33.7 -118.2 0.109827026724815 33.79236 -118.17533 11.7
"341" 2008-12-10 33.7 -118.2 -0.0367846786975861 33.79236 -118.17533 10.6
"342" 2008-12-20 33.7 -118.2 -0.00647903978824615 33.79236 -118.17533 26
"343" 2008-12-26 33.7 -118.2 0.0271312445402145 33.79236 -118.17533 7.2
"344" 2008-12-28 33.7 -118.2 0.0264058411121368 33.79236 -118.17533 12.5
"345" 2008-12-29 33.7 -118.2 -0.0142972469329834 33.79236 -118.17533 14.1
"346" 2009-01-04 33.7 -118.2 0.0999131947755814 33.79236 -118.17533 22.1
"347" 2009-01-07 33.7 -118.2 0.0901605635881424 33.79236 -118.17533 33.1
"348" 2009-01-08 33.7 -118.2 0.194940730929375 33.79236 -118.17533 31.2
"349" 2009-01-13 33.7 -118.2 0.0264058411121368 33.79236 -118.17533 12.7
"350" 2009-01-15 33.7 -118.2 0.043815478682518 33.79236 -118.17533 18
"351" 2009-01-16 33.7 -118.2 0.0179428309202194 33.79236 -118.17533 14.3
"352" 2009-01-17 33.7 -118.2 -0.00575361400842667 33.79236 -118.17533 13.4
"353" 2009-01-18 33.7 -118.2 -0.0242513567209244 33.79236 -118.17533 8.9
"354" 2009-01-25 33.7 -118.2 0.119902029633522 33.79236 -118.17533 6.3
"355" 2009-01-26 33.7 -118.2 0.0782720372080803 33.79236 -118.17533 4.4
"356" 2009-01-30 33.7 -118.2 0.0179428309202194 33.79236 -118.17533 12.2
"357" 2009-02-03 33.7 -118.2 -0.00587451457977295 33.79236 -118.17533 16.1
"358" 2009-02-04 33.7 -118.2 0.0527621060609818 33.79236 -118.17533 9.3
"359" 2009-02-12 33.7 -118.2 0.0758540332317352 33.79236 -118.17533 4.5
"360" 2009-02-14 33.7 -118.2 0.071138933300972 33.79236 -118.17533 8.1
"361" 2009-03-03 33.7 -118.2 0.119902029633522 33.79236 -118.17533 5.4
"362" 2009-03-05 33.7 -118.2 0.0264058411121368 33.79236 -118.17533 5.2
"363" 2009-03-06 33.7 -118.2 0.136304154992104 33.79236 -118.17533 6.2
"364" 2009-03-10 33.7 -118.2 0.151094272732735 33.79236 -118.17533 9.9
"365" 2009-03-12 33.7 -118.2 0.151094272732735 33.79236 -118.17533 7.2
"366" 2009-03-13 33.7 -118.2 0.172695115208626 33.79236 -118.17533 13.9
"367" 2009-03-15 33.7 -118.2 0.161814108490944 33.79236 -118.17533 9
"368" 2009-03-16 33.7 -118.2 0.00964100658893585 33.79236 -118.17533 15.1
"369" 2009-03-23 33.7 -118.2 0.119902029633522 33.79236 -118.17533 8.8
"370" 2009-03-24 33.7 -118.2 0.0621923059225082 33.79236 -118.17533 13.9
"371" 2009-03-27 33.7 -118.2 0.119902029633522 33.79236 -118.17533 11.8
"372" 2009-03-28 33.7 -118.2 0.0921755731105804 33.79236 -118.17533 13.7
"373" 2009-03-31 33.7 -118.2 0.109827026724815 33.79236 -118.17533 13.2
"374" 2009-04-03 33.7 -118.2 0.151094272732735 33.79236 -118.17533 9.6
"375" 2009-04-04 33.7 -118.2 0.140535667538643 33.79236 -118.17533 11.7
"376" 2009-04-05 33.7 -118.2 0.071138933300972 33.79236 -118.17533 9.2
"377" 2009-04-11 33.7 -118.2 0.229518249630928 33.79236 -118.17533 8
"378" 2009-04-12 33.7 -118.2 0.130138233304024 33.79236 -118.17533 8.3
"379" 2009-04-18 33.7 -118.2 0.243945688009262 33.79236 -118.17533 12.9
"380" 2009-04-20 33.7 -118.2 0.130138233304024 33.79236 -118.17533 11.7
"381" 2009-04-21 33.7 -118.2 0.140535667538643 33.79236 -118.17533 14.7
"382" 2009-04-22 33.7 -118.2 0.0527621060609818 33.79236 -118.17533 14.1
"383" 2009-04-26 33.7 -118.2 0.0999131947755814 33.79236 -118.17533 10.2
"384" 2009-04-29 33.7 -118.2 0.217831268906593 33.79236 -118.17533 13.1
"385" 2009-04-30 33.7 -118.2 0.190306261181831 33.79236 -118.17533 12.7
"386" 2009-05-04 33.7 -118.2 0.0618699043989182 33.79236 -118.17533 7.5
"387" 2009-05-08 33.7 -118.2 0.071138933300972 33.79236 -118.17533 11.8
"388" 2009-05-09 33.7 -118.2 0.0999131947755814 33.79236 -118.17533 12.7
"389" 2009-05-10 33.7 -118.2 0.27787834405899 33.79236 -118.17533 14.5
"390" 2009-05-11 33.7 -118.2 0.241366490721703 33.79236 -118.17533 17.1
"391" 2009-05-12 33.7 -118.2 0.130138233304024 33.79236 -118.17533 13.9
"392" 2009-05-13 33.7 -118.2 0.119902029633522 33.79236 -118.17533 13.8
"393" 2009-05-18 33.7 -118.2 0.638564050197601 33.79236 -118.17533 15.8
"394" 2009-05-19 33.7 -118.2 0.229518249630928 33.79236 -118.17533 12.3
"395" 2009-05-20 33.7 -118.2 0.18373729288578 33.79236 -118.17533 10.7
"396" 2009-05-21 33.7 -118.2 0.0904829800128937 33.79236 -118.17533 11.3
"397" 2009-05-24 33.7 -118.2 0.043815478682518 33.79236 -118.17533 8.4
"398" 2009-05-25 33.7 -118.2 0.140535667538643 33.79236 -118.17533 10
"399" 2009-06-04 33.7 -118.2 0.194940730929375 33.79236 -118.17533 3.6
"400" 2009-06-07 33.7 -118.2 0.0698896199464798 33.79236 -118.17533 4.1
"401" 2009-06-09 33.7 -118.2 0.290371358394623 33.79236 -118.17533 7.9
"402" 2009-06-11 33.7 -118.2 0.151094272732735 33.79236 -118.17533 6.2
"403" 2009-06-14 33.7 -118.2 0.229518249630928 33.79236 -118.17533 5.7
"404" 2009-06-16 33.7 -118.2 0.151094272732735 33.79236 -118.17533 6
"405" 2009-06-17 33.7 -118.2 0.265546500682831 33.79236 -118.17533 10.4
"406" 2009-06-18 33.7 -118.2 0.140535667538643 33.79236 -118.17533 11.6
"407" 2009-06-19 33.7 -118.2 0.18373729288578 33.79236 -118.17533 12.4
"408" 2009-06-22 33.7 -118.2 0.217831268906593 33.79236 -118.17533 11.2
"409" 2009-06-23 33.7 -118.2 0.193852692842484 33.79236 -118.17533 12.2
"410" 2009-06-24 33.7 -118.2 0.217831268906593 33.79236 -118.17533 10.1
"411" 2009-06-25 33.7 -118.2 0.235925912857056 33.79236 -118.17533 12.6
"412" 2009-06-26 33.7 -118.2 0.161814108490944 33.79236 -118.17533 17.4
"413" 2009-06-27 33.7 -118.2 0.130138233304024 33.79236 -118.17533 15.3
"414" 2009-06-28 33.7 -118.2 0.152383878827095 33.79236 -118.17533 16.6
"415" 2009-07-02 33.7 -118.2 0.15161819756031 33.79236 -118.17533 12.1
"416" 2009-07-03 33.7 -118.2 0.241366490721703 33.79236 -118.17533 14
"417" 2009-07-04 33.7 -118.2 0.071138933300972 33.79236 -118.17533 14.8
"418" 2009-07-05 33.7 -118.2 0.140858069062233 33.79236 -118.17533 8.7
"419" 2009-07-06 33.7 -118.2 0.0904829800128937 33.79236 -118.17533 9.2
"420" 2009-07-07 33.7 -118.2 0.109827026724815 33.79236 -118.17533 9.9
"421" 2009-07-10 33.7 -118.2 0.0999131947755814 33.79236 -118.17533 10.8
"422" 2009-07-12 33.7 -118.2 0.0901605635881424 33.79236 -118.17533 9.4
"423" 2009-07-13 33.7 -118.2 0.0618699043989182 33.79236 -118.17533 11
"424" 2009-07-14 33.7 -118.2 0.157085582613945 33.79236 -118.17533 13.6
"425" 2009-07-15 33.7 -118.2 0.18373729288578 33.79236 -118.17533 14.3
"426" 2009-07-16 33.7 -118.2 0.119902029633522 33.79236 -118.17533 9.9
"427" 2009-07-17 33.7 -118.2 0.185026958584785 33.79236 -118.17533 11.3
"428" 2009-07-19 33.7 -118.2 0.0805691331624985 33.79236 -118.17533 8.9
"429" 2009-07-23 33.7 -118.2 0.115348115563393 33.79236 -118.17533 10.7
"430" 2009-07-24 33.7 -118.2 0.176644533872604 33.79236 -118.17533 10.6
"431" 2009-07-25 33.7 -118.2 0.355254471302032 33.79236 -118.17533 11.5
"432" 2009-07-26 33.7 -118.2 0.229518249630928 33.79236 -118.17533 9.7
"433" 2009-07-31 33.7 -118.2 0.172695115208626 33.79236 -118.17533 9.4
"434" 2009-08-01 33.7 -118.2 0.206305339932442 33.79236 -118.17533 9.5
"435" 2009-08-02 33.7 -118.2 0.104870110750198 33.79236 -118.17533 12.7
"436" 2009-08-03 33.7 -118.2 0.043815478682518 33.79236 -118.17533 6.8
"437" 2009-08-04 33.7 -118.2 0.0901605635881424 33.79236 -118.17533 7.2
"438" 2009-08-05 33.7 -118.2 -0.00647903978824615 33.79236 -118.17533 6.3
"439" 2009-08-08 33.7 -118.2 0.0901605635881424 33.79236 -118.17533 11
"440" 2009-08-10 33.7 -118.2 0.206305339932442 33.79236 -118.17533 13.8
"441" 2009-08-11 33.7 -118.2 0.241366490721703 33.79236 -118.17533 13.1
"442" 2009-08-12 33.7 -118.2 0.193892955780029 33.79236 -118.17533 16.2
"443" 2009-08-13 33.7 -118.2 0.656645357608795 33.79236 -118.17533 11.8
"444" 2009-08-14 33.7 -118.2 0.161814108490944 33.79236 -118.17533 11.5
"445" 2009-08-15 33.7 -118.2 0.217831268906593 33.79236 -118.17533 17
"446" 2009-08-17 33.7 -118.2 0.241366490721703 33.79236 -118.17533 23.6
"447" 2009-08-20 33.7 -118.2 0.290371358394623 33.79236 -118.17533 14.3
"448" 2009-08-21 33.7 -118.2 0.0618699043989182 33.79236 -118.17533 12.8
"449" 2009-08-23 33.7 -118.2 0.0774660408496857 33.79236 -118.17533 10.7
"450" 2009-08-24 33.7 -118.2 0.0618699043989182 33.79236 -118.17533 14.2
"451" 2009-08-25 33.7 -118.2 0.071138933300972 33.79236 -118.17533 13.3
"452" 2009-08-26 33.7 -118.2 0.119902029633522 33.79236 -118.17533 13.2
"453" 2009-08-29 33.7 -118.2 0.0527621060609818 33.79236 -118.17533 14.7
"454" 2009-08-30 33.7 -118.2 0.303025603294373 33.79236 -118.17533 14.5
"455" 2009-08-31 33.7 -118.2 0.18373729288578 33.79236 -118.17533 12.8
"456" 2009-09-01 33.7 -118.2 0.452861309051514 33.79236 -118.17533 10.2
"457" 2009-09-02 33.7 -118.2 0.697120070457458 33.79236 -118.17533 15.4
"458" 2009-09-03 33.7 -118.2 0.230243623256683 33.79236 -118.17533 9.9
"459" 2009-09-07 33.7 -118.2 -0.00200571119785309 33.79236 -118.17533 10
"460" 2009-09-09 33.7 -118.2 0.148232951760292 33.79236 -118.17533 11
"461" 2009-09-10 33.7 -118.2 0.109827026724815 33.79236 -118.17533 11.4
"462" 2009-09-12 33.7 -118.2 0.167254611849785 33.79236 -118.17533 12.1
"463" 2009-09-13 33.7 -118.2 -0.0294500589370728 33.79236 -118.17533 7.4
"464" 2009-09-16 33.7 -118.2 0.151094272732735 33.79236 -118.17533 8.5
"465" 2009-09-19 33.7 -118.2 0.151094272732735 33.79236 -118.17533 13.2
"466" 2009-09-20 33.7 -118.2 0.0971459150314331 33.79236 -118.17533 11.4
"467" 2009-09-21 33.7 -118.2 0.0666656196117401 33.79236 -118.17533 12.5
"468" 2009-09-22 33.7 -118.2 0.0908859670162201 33.79236 -118.17533 12
"469" 2009-09-29 33.7 -118.2 0.18373729288578 33.79236 -118.17533 12.3
"470" 2009-09-30 33.7 -118.2 0.140616253018379 33.79236 -118.17533 9.6
"471" 2009-10-01 33.7 -118.2 0.00972160696983337 33.79236 -118.17533 9.7
"472" 2009-10-02 33.7 -118.2 -0.114684730768204 33.79236 -118.17533 8.6
"473" 2009-10-08 33.7 -118.2 0.140535667538643 33.79236 -118.17533 9.8
"474" 2009-10-10 33.7 -118.2 0.0950368791818619 33.79236 -118.17533 11.7
"475" 2009-10-11 33.7 -118.2 -0.0139748379588127 33.79236 -118.17533 9.7
"476" 2009-10-19 33.7 -118.2 0.104870110750198 33.79236 -118.17533 6.7
"477" 2009-10-20 33.7 -118.2 0.0142755061388016 33.79236 -118.17533 6.5
"478" 2009-10-22 33.7 -118.2 0.071138933300972 33.79236 -118.17533 11.7
"479" 2009-10-30 33.7 -118.2 -0.0274350643157959 33.79236 -118.17533 7.7
"480" 2009-10-31 33.7 -118.2 -0.0774071589112282 33.79236 -118.17533 13.1
"481" 2009-11-06 33.7 -118.2 0.130138233304024 33.79236 -118.17533 12.5
"482" 2009-11-07 33.7 -118.2 0.172695115208626 33.79236 -118.17533 19.5
"483" 2009-11-08 33.7 -118.2 0.119902029633522 33.79236 -118.17533 36.5
"484" 2009-11-09 33.7 -118.2 0.0665044188499451 33.79236 -118.17533 25.9
"485" 2009-11-10 33.7 -118.2 0.0618699043989182 33.79236 -118.17533 16.3
"486" 2009-11-16 33.7 -118.2 0.043815478682518 33.79236 -118.17533 9.1
"487" 2009-11-17 33.7 -118.2 0.05731600522995 33.79236 -118.17533 12.1
"488" 2009-11-18 33.7 -118.2 0.0451050698757172 33.79236 -118.17533 20.5
"489" 2009-11-19 33.7 -118.2 0.043815478682518 33.79236 -118.17533 20.4
"490" 2009-11-20 33.7 -118.2 0.0350300520658493 33.79236 -118.17533 18.6
"491" 2009-11-24 33.7 -118.2 0.0901605635881424 33.79236 -118.17533 13.6
"492" 2009-11-25 33.7 -118.2 0.043815478682518 33.79236 -118.17533 14.3
"493" 2009-11-26 33.7 -118.2 0.0179428309202194 33.79236 -118.17533 11.4
"494" 2009-11-28 33.7 -118.2 0.0540516972541809 33.79236 -118.17533 6
"495" 2009-11-29 33.7 -118.2 0.0350300520658493 33.79236 -118.17533 9.9
"496" 2009-11-30 33.7 -118.2 -0.0955421850085258 33.79236 -118.17533 13.5
"497" 2009-12-04 33.7 -118.2 0.0618699043989182 33.79236 -118.17533 22.5
"498" 2009-12-08 33.7 -118.2 0.043815478682518 33.79236 -118.17533 7.9
"499" 2009-12-09 33.7 -118.2 0.00150038301944733 33.79236 -118.17533 9.1
"500" 2009-12-14 33.7 -118.2 0.0805691331624985 33.79236 -118.17533 8.3
"501" 2009-12-18 33.7 -118.2 0.0179428309202194 33.79236 -118.17533 23.1
"502" 2009-12-23 33.7 -118.2 0.0618699043989182 33.79236 -118.17533 6.5
"503" 2009-12-25 33.7 -118.2 0.043815478682518 33.79236 -118.17533 46.2
"504" 2009-12-28 33.7 -118.2 0.0618699043989182 33.79236 -118.17533 13.3
"505" 2009-12-29 33.7 -118.2 -0.0294500589370728 33.79236 -118.17533 13.7
